0.443095 0.568432 0.00168679 0.200876
0.00198484 0.118912 7.43181e-06 0.066968
1.22325e-05 0.0148154 0.0026494 0.0486984
0.00324639 0.0309365 0.00265834 0.0437333
0.00322348 0.0392597 0.00266116 0.0385683
0.00320145 0.0392633 0.00261632 0.0353576
0.00312396 0.0399152 0.00257164 0.0383747
0.00304836 0.045563 0.00252642 0.0305269
0.00297515 0.0334265 0.00248187 0.0282558
0.00290022 0.0422003 0.00243828 0.0268076
0.00283138 0.0451314 0.00239536 0.026
0.00276539 0.0418695 0.00235339 0.0256862
0.00269972 0.03425 0.00231192 0.0435667
0.00263635 0.041236 0.00227106 0.0272798
0.00257488 0.0377545 0.00223114 0.0244479
0.00251527 0.0378762 0.002192 0.0225893
0.00245984 0.0331094 0.00215341 0.0285448
0.00240294 0.0428738 0.00211525 0.0213459
0.00234787 0.0312173 0.00207807 0.0203808
0.00229798 0.0444489 0.00204149 0.0199222
0.00224612 0.0420784 0.00200579 0.0199932
0.00219725 0.0352911 0.00197043 0.0246414
0.00214857 0.0429873 0.00193571 0.0199841
0.00210268 0.0334808 0.00190181 0.0184212
0.00205831 0.0912863 0.00186858 0.0716776
0.00201575 0.0422445 0.00183562 0.0314615
0.00197164 0.0349738 0.00180362 0.0174156
0.00193126 0.0381724 0.00177208 0.0167617
0.00189135 0.030894 0.00174107 0.015749
0.0018518 0.0428801 0.00171061 0.0153586
0.00181394 0.032687 0.0016811 0.0152607
0.00177734 0.0451189 0.00165159 0.0148644
0.00174164 0.041486 0.00162313 0.0145194
0.0017075 0.0351557 0.00159466 0.0142022
0.00167172 0.0462986 0.00156749 0.0139327
0.00164078 0.0504001 0.00154039 0.0139146
0.00160713 0.0397328 0.00151371 0.0134358
0.00157615 0.0460205 0.0014879 0.0132189
0.00154675 0.031865 0.00146233 0.0129954
0.00151654 0.0358417 0.00143745 0.0127914
0.00148716 0.0278234 0.00141272 0.0126021
0.00145974 0.0516989 0.0013888 0.0124178
0.00143139 0.0421438 0.00136516 0.0122808
0.00140441 0.054773 0.00134205 0.0121524
0.00137818 0.0505403 0.00131959 0.0122433
0.00135364 0.0494349 0.0012974 0.0120084
0.00132994 0.0417379 0.00127553 0.0121701
0.00130599 0.0471304 0.00125451 0.014244
0.00128887 0.0408503 0.00123371 0.012691
0.00127063 0.0306458 0.00121264 0.0116614
0.00125493 0.0471491 0.00119332 0.011294
0.00124375 0.0535518 0.00117353 0.0110702
0.00122645 0.0564221 0.00115421 0.010913
0.00121316 0.0589571 0.00113522 0.0107773
0.00119755 0.0487435 0.00111677 0.0106733
0.00118441 0.0456401 0.00109893 0.0106147
0.0011723 0.0388664 0.00108096 0.0108076
0.00115851 0.0472382 0.00106388 0.0112338
0.00114341 0.0506339 0.00104661 0.167264
0.00113203 0.0473092 0.00103007 0.0110848
0.00111865 0.0515517 0.0010136 0.0105118
0.00110621 0.0631899 0.000997714 0.0103064
0.00109536 0.0733683 0.000982111 0.0100053
0.00108007 0.0517289 0.000966454 0.0099568
0.00106882 0.0535608 0.000951535 0.0099492
0.00105557 0.0527784 0.00093681 0.0101728
0.001044 0.0560834 0.000922296 0.0106663
0.00103466 0.0402422 0.000908173 0.0148904
0.00102042 0.0495996 0.000894423 0.0129203
0.00101111 0.0595144 0.00088074 0.0102478
0.000998985 0.053285 0.000867493 0.00969974
0.000988984 0.0408842 0.000854039 0.00947543
0.000976196 0.045431 0.000841738 0.00947569
0.00096699 0.0591527 0.000828981 0.0102725
0.000955428 0.0638275 0.000816645 0.01237
0.000944823 0.0536774 0.000804553 0.00927199
0.00093384 0.0568037 0.000792532 0.0090016
0.000924472 0.042496 0.000781258 0.00879383
0.000914551 0.0426206 0.000770015 0.00868491
0.000903754 0.0298315 0.000758653 0.00903924
0.000894759 0.0503461 0.000747826 0.00910137
0.000885495 0.0462933 0.000736809 0.00974284
0.000874089 0.0614566 0.000726574 0.0270401
0.000864353 0.0518589 0.000716483 0.0160315
0.000858806 0.0535657 0.000706025 0.0101412
0.000845097 0.0501271 0.000696393 0.00963135
0.000838016 0.0376 0.000686791 0.0135484
0.000830838 0.0626238 0.00067691 0.00974248
0.000819621 0.0435854 0.000667578 0.00905901
0.000811194 0.0446863 0.000658537 0.00900097
0.000803694 0.0533193 0.000649648 0.00952376
0.000794135 0.0730113 0.000640703 0.0210538
0.000785936 0.0598284 0.000632136 0.0102132
0.000777723 0.0506147 0.00062354 0.0222473
0.0007705 0.0565522 0.000615152 0.0101688
0.000758906 0.0468958 0.000606947 0.00876821
0.000753933 0.0561276 0.000599147 0.00912707
0.000747334 0.0539353 0.000591147 0.0322103
0.000737222 0.0461338 0.000583377 0.00898644
0.00072971 0.0627046 0.00057569 0.00864854
0.000722317 0.0417338 0.000568164 0.00868244
0.000715205 0.0628034 0.000560936 0.0103214
0.000707835 0.0342356 0.000553798 0.0124023
0.000699422 0.0616537 0.000546624 0.00954403
0.000694292 0.0557659 0.000539918 0.00847747
0.000686365 0.0612198 0.000532698 0.00822319
0.00067819 0.0384398 0.000526384 0.00858467
0.000671285 0.0521908 0.000519604 0.00915791
0.000665608 0.0322579 0.000513158 0.013796
0.000658102 0.0551687 0.000506657 0.0117475
0.000651959 0.0377205 0.0005008 0.0168516
0.000644703 0.0616892 0.000494219 0.01849
0.000637313 0.0514112 0.000488264 0.010545
0.000633327 0.0486427 0.000482522 0.0107135
0.000625318 0.0584528 0.000476763 0.00934905
0.000620565 0.0461536 0.000470652 0.0269496
0.000611754 0.0476413 0.000465213 0.0120732
0.000605771 0.0415923 0.000459691 0.0131109
0.000602555 0.0403321 0.000454462 0.015071
0.000595071 0.059467 0.000448835 0.00802103
0.000589124 0.0461628 0.000443346 0.00727298
0.000582958 0.0420456 0.000438546 0.00699896
0.00057726 0.065934 0.000433228 0.00687083
0.000572868 0.0521496 0.000428119 0.00716676
0.000565234 0.0480335 0.0004231 0.0199074
0.0005584 0.0458611 0.000418599 0.007151
0.00055641 0.0395891 0.000413686 0.00658141
0.00054906 0.0432673 0.000408796 0.00652921
0.000543453 0.0572523 0.000404247 0.00702871
0.000538935 0.050785 0.000399717 0.0133446
0.000534133 0.0537828 0.000395223 0.00703206
0.000527539 0.04977 0.000390756 0.121828
0.000521423 0.049083 0.000386544 0.00651773
0.000520472 0.0660159 0.000381994 0.00578974
0.000511873 0.0493314 0.000378141 0.00562358
0.000507884 0.041042 0.000373697 0.00548146
0.000503289 0.0562118 0.000369334 0.00540692
0.000497263 0.0560556 0.000365764 0.00527299
0.000494106 0.0490867 0.000361647 0.00544713
0.000488152 0.0302288 0.000357766 0.0056466
0.000485658 0.0460516 0.000353666 0.00614804
0.000477345 0.0541002 0.00034991 0.0122508
0.000474194 0.0397406 0.000346247 0.00661535
0.000470775 0.0544521 0.000342606 0.0263195
0.000465416 0.0442143 0.000338955 0.00626443
0.000462108 0.0352209 0.000335225 0.00533797
0.000456979 0.0439145 0.000331648 0.00516441
0.000453466 0.0536896 0.000328165 0.00650655
0.000445509 0.0531279 0.000324915 0.00640473
0.000445254 0.0517628 0.00032143 0.00832671
0.000440273 0.0487118 0.000317963 0.00527147
0.000434394 0.0405871 0.000314824 0.00497842
0.000431569 0.0496868 0.000311398 0.0051129
0.00042795 0.0401329 0.000308491 0.00468277
0.000424577 0.0361425 0.000304803 0.0047345
0.00041857 0.0486659 0.000302178 0.00492692
0.000415093 0.0548904 0.000298651 0.00582097
0.000410871 0.0573904 0.000295957 0.0139149
0.000410522 0.0553244 0.000292904 0.0199769
0.000403634 0.104969 0.000289899 0.00522591
0.000400387 0.0518447 0.000286913 0.00461596
0.000395095 0.0527204 0.000283966 0.00454063
0.000392938 0.0595527 0.000281309 0.0042279
0.000390446 0.0487535 0.000278271 0.0040788
0.000385968 0.0373068 0.000275681 0.00425866
0.000380711 0.0482975 0.000272822 0.00454611
0.00037883 0.0568656 0.000270078 0.00650381
0.000374836 0.0499478 0.00026784 0.00544287
0.000372706 0.043186 0.000264836 0.00462472
0.000368459 0.0409157 0.000262318 0.00472447
0.000364586 0.0431676 0.000259553 0.00990071
0.000361381 0.0385799 0.00025726 0.00477968
0.000360445 0.0451178 0.000254599 0.00404019
0.00035259 0.0431152 0.000252312 0.00380585
0.000352093 0.0450693 0.000249623 0.00370847
0.000350109 0.040323 0.000247521 0.00356055
0.000344963 0.047739 0.000244592 0.00358261
0.000340782 0.0501668 0.000242912 0.0035663
0.000339948 0.0401066 0.000240077 0.00367918
0.000336443 0.0510006 0.000237933 0.00378475
0.000332372 0.0364772 0.000235675 0.00403251
0.000330978 0.0455936 0.000233448 0.00510481
0.000327517 0.0442777 0.000231028 0.00563984
0.000321819 0.0349327 0.000229184 0.00445211
0.000324196 0.0435358 0.000226777 0.00513152
0.000317065 0.0391226 0.000224717 0.00647175
0.000314067 0.0418124 0.000222522 0.00454564
0.000312614 0.0410348 0.00022045 0.00491881
0.00031069 0.0421616 0.000218572 0.00745785
0.000307539 0.0585932 0.000216202 0.00431712
0.000304455 0.0492868 0.000214144 0.00424671
0.000299753 0.0549521 0.000212402 0.00739646
0.000300521 0.0476581 0.000210322 0.00442751
0.00029516 0.0396848 0.000208277 0.00361601
0.000293611 0.0292272 0.000206242 0.00336446
0.000290944 0.0523073 0.000204575 0.00379492
0.000290363 0.0446722 0.00020263 0.00373193
0.000287254 0.0524762 0.000200805 0.00379082
0.000281254 0.0569219 0.000198927 0.00452839
0.000280773 0.0409176 0.000196902 0.00632653
0.000279448 0.0278781 0.000195361 0.00394154
0.000274556 0.0382769 0.000193554 0.00350803
0.000274625 0.0341294 0.00019172 0.00336955
0.000271847 0.0623026 0.000189782 0.00321758
0.000265255 0.0485936 0.000188343 0.00320542
0.000269368 0.0430145 0.000186464 0.00321151
0.000261281 0.0517319 0.000184984 0.00326141
0.000263638 0.0512778 0.000182997 0.0035475
0.00025835 0.0463824 0.000181423 0.00428014
0.000257874 0.0363609 0.000179815 0.0332543
0.000254487 0.0418313 0.000178105 0.00507522
0.00025083 0.0603571 0.000176722 0.0036745
0.00025297 0.0503865 0.000174754 0.00332693
0.000245762 0.0291928 0.000173814 0.00313887
0.000246214 0.0492164 0.000171765 0.00337395
0.000245358 0.0547953 0.000170368 0.00328813
0.000242169 0.0432472 0.000168659 0.00369995
0.000238858 0.0390853 0.000167182 0.0161544
0.00023583 0.0257331 0.000165897 0.00339464
0.000238039 0.0443386 0.000164245 0.00285886
0.000232897 0.0406314 0.000162886 0.00268745
0.000231637 0.03705 0.000161271 0.00255042
0.000228345 0.0357471 0.000160047 0.00251862
0.000227003 0.0526787 0.000158586 0.0024634
0.000226224 0.034857 0.000156984 0.00253387
0.000222244 0.0353562 0.000155692 0.00266961
0.000220914 0.0532702 0.000154205 0.00375158
0.000220909 0.0565846 0.000153243 0.00548981
0.000217751 0.0458024 0.000151691 0.00320097
0.000216801 0.0468201 0.000150078 0.00322221
0.000213545 0.0579555 0.000148944 0.00872027
0.000211545 0.0377209 0.000147572 0.00425085
0.000210868 0.0547114 0.000146457 0.00382865
0.000208844 0.048991 0.000145076 0.00601939
0.000205801 0.0383197 0.000143851 0.00409568
0.000203907 0.0394631 0.00014262 0.00313926
0.00020538 0.0370351 0.000141347 0.00279213
0.000199916 0.0500656 0.000140063 0.00266438
0.00020117 0.052944 0.000138794 0.00252788
0.000195802 0.0389125 0.000137714 0.00248665
0.00019527 0.0483803 0.000136373 0.00249703
0.000195422 0.0470588 0.000135244 0.00244694
0.000191703 0.0272936 0.000134109 0.00248508
0.000193661 0.0518621 0.000133042 0.00250197
0.000190629 0.0417945 0.000131842 0.00262295
0.000186344 0.0482735 0.000130555 0.00292528
0.00018658 0.0358984 0.000129662 0.00433098
0.000187258 0.036324 0.000128045 0.00447318
0.000179522 0.0365144 0.000127275 0.00347217
0.000182903 0.042949 0.000126143 0.00779103
0.000178871 0.0459956 0.000125308 0.00909511
0.000180835 0.0442386 0.000123775 0.00367796
0.000176868 0.0390871 0.000122883 0.00307652
0.000173541 0.053428 0.000121931 0.00293679
0.000177931 0.0336116 0.00012084 0.00300832
0.000171569 0.0415883 0.000119887 0.00376335
0.000171819 0.0243408 0.00011875 0.0086334
0.000169025 0.0567395 0.000117503 0.00834616
0.000164402 0.0352529 0.000116667 0.00328492
0.000170233 0.0553815 0.000115765 0.00249972
0.000164421 0.0521013 0.000114785 0.00221226
0.000164893 0.0496671 0.000113779 0.00212383
0.000160128 0.0525402 0.000112723 0.00202661
0.00016164 0.0488959 0.000112094 0.00190968
0.000162259 0.0427104 0.00011057 0.00184478
0.000157145 0.0477194 0.000110201 0.0017726
0.000156871 0.0368868 0.00010889 0.00175861
0.000158197 0.0446974 0.000108151 0.00168
0.00015318 0.0456427 0.000107159 0.00164855
0.000152382 0.0335049 0.000106283 0.00225446
0.000154093 0.0415391 0.000105189 0.00303191
0.000151038 0.0404462 0.000104534 0.00506904
0.000147914 0.0419395 0.00010351 0.0023469
0.000147865 0.0581368 0.000102835 0.00201755
0.000149638 0.0462931 0.000101608 0.00187911
0.000144242 0.0589388 0.000100723 0.00184671
0.000144086 0.0494594 0.00010022 0.00190542
0.000140105 0.04754 9.93185e-05 0.00204192
0.000144902 0.0467611 9.82416e-05 0.00269768
0.000142701 0.0445259 9.77028e-05 0.00635884
0.000138588 0.0524171 9.66491e-05 0.00258154
0.000137572 0.0387439 9.58001e-05 0.00209203
0.000136867 0.0305822 9.4958e-05 0.00188985
0.000135414 0.0324124 9.42712e-05 0.00176677
0.000134727 0.0238578 9.35725e-05 0.00171408
0.000134029 0.0445218 9.31107e-05 0.00163687
0.000133773 0.0414723 9.18234e-05 0.00223946
0.000134111 0.033404 9.1041e-05 0.00252771
0.00012941 0.0372267 9.05096e-05 0.00465128
0.00013009 0.032044 8.95533e-05 0.00336295
0.000127899 0.0353537 8.91498e-05 0.00254271
0.000129481 0.0378573 8.80011e-05 0.00286257
0.00012495 0.0368587 8.72367e-05 0.0139661
0.000123898 0.0363685 8.69039e-05 0.00240884
0.000126311 0.0319523 8.5822e-05 0.00188642
0.000122213 0.0314167 8.52314e-05 0.00167553
0.000123213 0.0227956 8.43611e-05 0.00155184
0.000118901 0.0334796 8.39626e-05 0.00148589
0.000121881 0.0431907 8.29057e-05 0.00154887
0.000118196 0.043933 8.22275e-05 0.00149224
0.000116643 0.0369639 8.17682e-05 0.00145296
0.000120115 0.0342955 8.09309e-05 0.00142966
0.000115608 0.0412785 8.01623e-05 0.00137731
0.00011399 0.0306199 7.96616e-05 0.00168318
0.000111591 0.0401096 7.91266e-05 0.00146321
0.000114031 0.0408416 7.81153e-05 0.00145627
0.000110849 0.0363624 7.77337e-05 0.00155423
0.000113209 0.0242883 7.6915e-05 0.00151937
0.000109636 0.0314584 7.65312e-05 0.00153536
0.000111007 0.0341915 7.54579e-05 0.00156837
0.000109226 0.0336712 7.51755e-05 0.00171693
0.000107817 0.0387944 7.47684e-05 0.00220068
0.000108903 0.0412844 7.37377e-05 0.0190788
0.000101302 0.0487509 7.31555e-05 0.00220071
0.000106837 0.0320016 7.26723e-05 0.00160621
0.000105167 0.0341962 7.20425e-05 0.00141813
0.000103982 0.0465849 7.13981e-05 0.00130446
0.000103018 0.0270405 7.10635e-05 0.00126173
9.9188e-05 0.0453572 7.00525e-05 0.00119653
0.000101826 0.0253298 6.97724e-05 0.00117299
0.00010095 0.0398749 6.89895e-05 0.00117795
0.000100868 0.0321535 6.83768e-05 0.0011863
9.49701e-05 0.0433393 6.82334e-05 0.00125197
9.77745e-05 0.0380186 6.71979e-05 0.00131124
9.7296e-05 0.0466724 6.66836e-05 0.00153192
9.37415e-05 0.0374745 6.63757e-05 0.00251407
9.93611e-05 0.0440395 6.56259e-05 0.00360934
8.98189e-05 0.0354022 6.52386e-05 0.00159186
9.4782e-05 0.0391498 6.43829e-05 0.00127436
9.36001e-05 0.030629 6.42361e-05 0.00111418
9.22243e-05 0.0310122 6.32956e-05 0.00103883
8.83186e-05 0.0369396 6.3038e-05 0.000971516
9.0395e-05 0.0367308 6.24024e-05 0.000931643
9.03008e-05 0.0176061 6.22027e-05 0.000903743
8.76959e-05 0.0356212 6.12803e-05 0.000905398
8.89586e-05 0.0278413 6.09406e-05 0.000846629
8.94022e-05 0.0264273 6.06866e-05 0.000833909
8.4829e-05 0.0347004 5.98299e-05 0.000813687
8.7862e-05 0.0359142 5.93462e-05 0.000787908
8.67778e-05 0.0201206 5.90701e-05 0.00077153
8.17505e-05 0.0394632 5.8328e-05 0.000806038
8.50951e-05 0.0330913 5.79734e-05 0.000810726
8.54274e-05 0.0428452 5.75748e-05 0.000772639
8.05133e-05 0.0346059 5.67373e-05 0.00076034
8.22647e-05 0.0430039 5.66043e-05 0.000747839
8.3906e-05 0.0475068 5.57902e-05 0.000730333
7.84819e-05 0.0363916 5.57703e-05 0.000717134
8.07634e-05 0.0305262 5.51672e-05 0.000714424
8.13486e-05 0.0391941 5.46735e-05 0.000713603
7.66877e-05 0.0413692 5.40292e-05 0.000680656
7.79123e-05 0.0381019 5.38644e-05 0.000670728
7.74324e-05 0.0309355 5.33583e-05 0.000662548
7.67901e-05 0.0315159 5.30364e-05 0.000665586
7.97559e-05 0.0410557 5.2348e-05 0.00115153
7.22926e-05 0.0350101 5.17795e-05 0.000727983
7.46803e-05 0.0314703 5.1863e-05 0.000710147
7.42935e-05 0.0363309 5.09543e-05 0.000713811
7.43213e-05 0.0313463 5.09204e-05 0.000675876
6.91631e-05 0.0339738 5.01785e-05 0.000666183
7.27801e-05 0.0267503 5.01578e-05 0.000640991
7.5732e-05 0.043871 4.94213e-05 0.000629251
6.97117e-05 0.0304897 4.89651e-05 0.0006092
7.19606e-05 0.0233959 4.86294e-05 0.000607853
6.73736e-05 0.0192316 4.82537e-05 0.000589953
7.03303e-05 0.0300695 4.80097e-05 0.000587604
6.7162e-05 0.0288203 4.74769e-05 0.000620676
6.94284e-05 0.0268088 4.70346e-05 0.000601605
6.58396e-05 0.0245257 4.68117e-05 0.000591442
6.98747e-05 0.0178642 4.63514e-05 0.000590276
6.40773e-05 0.0407897 4.61001e-05 0.000576989
6.73389e-05 0.0390359 4.54375e-05 0.000575859
6.26415e-05 0.0181991 4.52663e-05 0.000597098
6.78409e-05 0.0307752 4.49237e-05 0.000599568
6.30791e-05 0.0387892 4.43487e-05 0.000608498
6.48452e-05 0.0402241 4.38849e-05 0.000585983
6.21592e-05 0.0240603 4.38648e-05 0.000701623
6.59923e-05 0.0351952 4.34316e-05 0.000702682
6.19981e-05 0.0347799 4.27297e-05 0.000701546
6.09656e-05 0.0305103 4.28967e-05 0.000701653
6.14349e-05 0.026096 4.22806e-05 0.000710336
6.25694e-05 0.0337552 4.18582e-05 0.000877411
5.85938e-05 0.0356954 4.16405e-05 0.000879258
5.88665e-05 0.0420328 4.14603e-05 0.000895327
6.20982e-05 0.0391114 4.06963e-05 0.000967112
5.54986e-05 0.024959 4.07606e-05 0.00105647
6.23593e-05 0.0357408 4.00655e-05 0.00135197
5.50145e-05 0.0393552 4.0035e-05 0.0032857
6.01149e-05 0.0309422 3.96445e-05 0.00219891
5.57986e-05 0.0391721 3.91723e-05 0.00119447
6.12038e-05 0.044781 3.88719e-05 0.000948308
5.30748e-05 0.0277238 3.86967e-05 0.000843903
5.40585e-05 0.03356 3.84905e-05 0.000780855
5.8092e-05 0.0323358 3.80042e-05 0.000734078
5.46123e-05 0.0378751 3.76048e-05 0.000681584
5.43483e-05 0.0297947 3.71812e-05 0.000685731
5.31547e-05 0.0285312 3.72538e-05 0.000625071
5.25539e-05 0.0387577 3.67422e-05 0.000730343
5.42093e-05 0.0329149 3.63807e-05 0.000725966
5.09112e-05 0.0253861 3.62873e-05 0.000721529
5.58543e-05 0.0357354 3.573e-05 0.000734852
5.02404e-05 0.0265346 3.55054e-05 0.000725244
4.89642e-05 0.0361808 3.52781e-05 0.000747495
5.25677e-05 0.0298753 3.52338e-05 0.000776121
5.04759e-05 0.0385528 3.47823e-05 0.000806759
5.2026e-05 0.0301511 3.4203e-05 0.000866455
4.83376e-05 0.0297171 3.43369e-05 0.000976502
4.65109e-05 0.0362299 3.37708e-05 0.0013017
4.96722e-05 0.0282776 3.35131e-05 0.00323481
4.64635e-05 0.025709 3.33214e-05 0.00213029
4.94852e-05 0.0287844 3.32222e-05 0.00110671
4.92105e-05 0.0331798 3.29266e-05 0.000887822
4.64009e-05 0.036591 3.21205e-05 0.000742771
4.46935e-05 0.0288744 3.24394e-05 0.000668812
4.84682e-05 0.0330068 3.20421e-05 0.000637788
4.47708e-05 0.0307612 3.15003e-05 0.000597487
4.41445e-05 0.0331283 3.15132e-05 0.000568784
4.75856e-05 0.032069 3.12095e-05 0.00157836
4.30452e-05 0.0308662 3.11678e-05 0.00059582
4.41683e-05 0.0394635 3.04565e-05 0.000587738
4.85705e-05 0.0417909 3.02607e-05 0.000587746
4.00196e-05 0.0259718 3.0261e-05 0.000563674
4.26427e-05 0.0309666 2.97563e-05 0.000543879
4.61153e-05 0.0351293 2.98604e-05 0.000527808
4.20818e-05 0.0455529 2.92239e-05 0.000523525
4.13337e-05 0.0319202 2.9205e-05 0.000503573
4.46992e-05 0.0445508 2.92763e-05 0.000507562
4.09696e-05 0.0346411 2.83253e-05 0.000497512
3.94072e-05 0.0206008 2.88553e-05 0.000483086
4.55891e-05 0.0271428 2.81773e-05 0.000485473
3.84797e-05 0.0456118 2.78947e-05 0.000473455
4.02757e-05 0.0426391 2.79743e-05 0.0006486
4.3962e-05 0.037144 2.72321e-05 0.000636878
3.88594e-05 0.028866 2.73642e-05 0.000627682
3.71984e-05 0.0322799 2.72394e-05 0.000625887
3.8174e-05 0.0249517 2.66752e-05 0.000642088
4.29103e-05 0.0352634 2.67506e-05 0.00061841
3.72739e-05 0.0423046 2.6349e-05 0.000620683
3.84924e-05 0.0324424 2.61843e-05 0.000620353
3.90242e-05 0.0416968 2.6078e-05 0.000626997
3.70933e-05 0.0496454 2.59451e-05 0.000623308
3.80485e-05 0.0421095 2.55837e-05 0.000628188
3.52184e-05 0.0423208 2.536e-05 0.000641977
4.08362e-05 0.0225619 2.51938e-05 0.000637739
3.52585e-05 0.0307559 2.50115e-05 0.000647083
3.58817e-05 0.0264047 2.49115e-05 0.000650954
3.46886e-05 0.0406333 2.43791e-05 0.000681379
3.87569e-05 0.0308842 2.45067e-05 0.000894703
3.55428e-05 0.0334762 2.38963e-05 0.00107243
3.36065e-05 0.0285612 2.41769e-05 0.00165109
3.85506e-05 0.0380986 2.3761e-05 0.00983394
3.17594e-05 0.0220582 2.35701e-05 0.00140637
3.42752e-05 0.0325735 2.35211e-05 0.000980212
3.18858e-05 0.0415345 2.31264e-05 0.00080508
3.73641e-05 0.0335157 2.31337e-05 0.000718901
3.31609e-05 0.0321572 2.28475e-05 0.000662797
3.24412e-05 0.028325 2.27733e-05 0.000629858
3.23847e-05 0.0356908 2.22611e-05 0.000600885
3.13963e-05 0.0308209 2.23958e-05 0.000578567
3.54071e-05 0.0418432 2.19095e-05 0.000675774
3.12554e-05 0.0249286 2.17645e-05 0.000638382
3.1236e-05 0.0244545 2.21092e-05 0.000617669
3.14954e-05 0.0400993 2.13196e-05 0.000606843
3.51053e-05 0.0368582 2.14512e-05 0.000593132
2.77696e-05 0.0447642 2.12605e-05 0.00065351
3.26561e-05 0.0286763 2.11253e-05 0.00070287
2.86485e-05 0.0349106 2.0704e-05 0.000697448
3.43551e-05 0.0328035 2.07686e-05 0.000691026
2.80285e-05 0.0238079 2.05696e-05 0.000693684
3.01481e-05 0.0240968 2.03255e-05 0.000680857
2.80256e-05 0.0380143 2.00321e-05 0.000580915
2.65721e-05 0.0270053 1.99721e-05 0.000563419
3.58826e-05 0.0308128 2.02225e-05 0.000562916
2.8644e-05 0.0392098 1.94047e-05 0.00057059
2.60449e-05 0.0249511 1.96068e-05 0.000568861
2.77246e-05 0.0257365 1.9217e-05 0.000566618
2.73979e-05 0.028737 1.94905e-05 0.000551163
3.18609e-05 0.0221517 1.91757e-05 0.000557712
2.75029e-05 0.0344355 1.86107e-05 0.000546097
2.55301e-05 0.0284739 1.89578e-05 0.000533044
2.63494e-05 0.0405444 1.83877e-05 0.000607837
2.4942e-05 0.0242771 1.8785e-05 0.000599677
3.20677e-05 0.0398586 1.81075e-05 0.00060493
2.52229e-05 0.0266873 1.81555e-05 0.000607996
2.63058e-05 0.0318011 1.79941e-05 0.000606166
2.35766e-05 0.044033 1.79002e-05 0.000692189
2.60769e-05 0.0382211 1.7753e-05 0.000684735
2.81404e-05 0.0229035 1.75993e-05 0.000739978
2.58296e-05 0.0339737 1.72134e-05 0.000750065
2.31485e-05 0.0291699 1.74324e-05 0.000856781
2.37239e-05 0.0300491 1.70709e-05 0.000896034
2.41668e-05 0.0220472 1.69567e-05 0.00125595
2.59479e-05 0.0257414 1.71951e-05 0.00168427
2.77015e-05 0.0339637 1.65908e-05 0.034582
2.38734e-05 0.0280156 1.67332e-05 0.00184161
2.31527e-05 0.0421772 1.65643e-05 0.00144451
2.2329e-05 0.0354031 1.6127e-05 0.00149899
2.16774e-05 0.0243546 1.65154e-05 0.00218608
2.79795e-05 0.0277693 1.59385e-05 0.00492135
2.26025e-05 0.027822 1.57801e-05 0.00154558
2.2032e-05 0.0248631 1.59719e-05 0.00154835
2.13539e-05 0.0243509 1.56849e-05 0.0016798
2.27376e-05 0.0268851 1.54481e-05 0.00323686
2.24864e-05 0.0274161 1.55686e-05 0.00258064
2.43425e-05 0.0256307 1.51364e-05 0.00142534
2.20678e-05 0.0215242 1.5197e-05 0.00115774
2.22926e-05 0.0306498 1.51763e-05 0.00104875
2.0001e-05 0.0383999 1.48477e-05 0.000991112
2.08511e-05 0.0250144 1.48526e-05 0.000880126
2.21873e-05 0.0341405 1.48165e-05 0.000847012
2.05983e-05 0.0419438 1.46872e-05 0.000830363
2.57647e-05 0.0239395 1.42291e-05 0.000843057
1.928e-05 0.03088 1.43575e-05 0.000847335
2.11867e-05 0.0172444 1.44249e-05 0.000877962
1.89046e-05 0.0375446 1.40417e-05 0.000933069
2.08264e-05 0.0486819 1.38523e-05 0.00108564
2.04021e-05 0.0308325 1.41199e-05 0.00150239
2.37078e-05 0.0231903 1.37842e-05 0.00872373
1.98926e-05 0.0296076 1.35521e-05 0.00171825
1.9584e-05 0.0175523 1.36006e-05 0.00123873
1.88333e-05 0.0208096 1.3558e-05 0.00114395
1.907e-05 0.0261996 1.29962e-05 0.00111532
1.74587e-05 0.0239844 1.31719e-05 0.00113567
2.0702e-05 0.0182238 1.3428e-05 0.00134201
2.39516e-05 0.0300353 1.30265e-05 0.0022945
1.9273e-05 0.0212274 1.29687e-05 0.00343809
1.83588e-05 0.0360571 1.25185e-05 0.00156225
1.77358e-05 0.0215709 1.29566e-05 0.00124271
1.89202e-05 0.0298417 1.24897e-05 0.00116197
1.84597e-05 0.0271617 1.25222e-05 0.00112888
1.84324e-05 0.0194792 1.26589e-05 0.00123441
2.15378e-05 0.030907 1.21286e-05 0.00166347
1.70806e-05 0.0279071 1.21749e-05 0.019013
1.8143e-05 0.0142615 1.20434e-05 0.00167608
1.7654e-05 0.0216174 1.21408e-05 0.00111214
1.64788e-05 0.0145234 1.19062e-05 0.00193239
1.71447e-05 0.0207117 1.1887e-05 0.000898191
1.80474e-05 0.028315 1.16615e-05 0.000849543
1.72131e-05 0.0446562 1.16324e-05 0.000812183
2.01409e-05 0.0221106 1.16358e-05 0.000797403
1.81342e-05 0.0278636 1.14625e-05 0.000713946
1.67734e-05 0.0294104 1.10446e-05 0.000946324
1.47936e-05 0.0357717 1.15271e-05 0.000999174
1.63677e-05 0.0451246 1.10459e-05 0.00111416
1.66184e-05 0.0303034 1.09945e-05 0.00131668
1.63494e-05 0.0481416 1.09246e-05 0.00190073
1.5204e-05 0.0161318 1.12558e-05 0.0277313
1.68135e-05 0.0257344 1.07289e-05 0.00356324
2.09327e-05 0.0297617 1.07662e-05 0.00296397
1.5151e-05 0.0316789 1.04811e-05 0.00140467
1.64074e-05 0.0318429 1.02538e-05 0.00118917
1.31944e-05 0.0237134 1.05878e-05 0.00102048
1.52867e-05 0.0359046 1.06066e-05 0.000778231
1.66519e-05 0.0238399 1.01716e-05 0.000725041
1.43736e-05 0.0215385 1.03122e-05 0.000691431
1.68733e-05 0.0271913 1.03686e-05 0.000658508
1.43995e-05 0.0321179 9.64648e-06 0.000646515
1.80167e-05 0.0291868 9.97481e-06 0.000634115
1.58075e-05 0.0298565 9.87483e-06 0.000630415
1.4223e-05 0.0381756 9.97883e-06 0.000621206
1.53583e-05 0.024419 1.00174e-05 0.000616671
1.60078e-05 0.0284048 9.30063e-06 0.00061654
1.15288e-05 0.0293167 9.65836e-06 0.000600769
1.55893e-05 0.0548666 9.35539e-06 0.000593578
1.36337e-05 0.0228212 9.66444e-06 0.000643854
1.4882e-05 0.0263767 9.32182e-06 0.000649078
1.96884e-05 0.0431124 9.19151e-06 0.000659982
1.35641e-05 0.0272101 9.23446e-06 0.000650887
1.52065e-05 0.0525997 9.08876e-06 0.000797985
1.29706e-05 0.0447172 8.92803e-06 0.000768561
1.36697e-05 0.0286801 8.95634e-06 0.00075801
1.10867e-05 0.0215079 9.12042e-06 0.000764647
1.55269e-05 0.0435915 8.75524e-06 0.00075434
1.25207e-05 0.0277075 8.73412e-06 0.000767924
1.3247e-05 0.0246574 8.65846e-06 0.000792255
1.2152e-05 0.0422911 8.86919e-06 0.000817875
1.95796e-05 0.0183066 8.61779e-06 0.000862086
1.43391e-05 0.0259018 8.34509e-06 0.000923954
1.2405e-05 0.0304471 8.59349e-06 0.00100894
1.35772e-05 0.0312053 8.0838e-06 0.00123053
1.14964e-05 0.0267667 8.3689e-06 0.00199197
1.34076e-05 0.0370381 8.4211e-06 0.00530031
1.12129e-05 0.025599 8.09357e-06 0.00155817
1.21461e-05 0.0256751 8.04363e-06 0.00125113
1.22803e-05 0.0481755 8.23778e-06 0.0012377
1.31872e-05 0.028572 7.67198e-06 0.00129969
1.08181e-05 0.032622 7.72838e-06 0.00164547
1.14099e-05 0.0343645 8.29759e-06 0.00528276
1.80758e-05 0.0320008 7.4193e-06 0.00213196
9.92865e-06 0.0247403 7.95367e-06 0.00155293
1.39392e-05 0.0484548 7.27029e-06 0.00177983
9.50386e-06 0.0410905 7.90691e-06 0.0129082
1.36736e-05 0.0228952 7.49136e-06 0.00175119
1.07838e-05 0.0412644 7.51889e-06 0.00120037
1.16292e-05 0.0327246 7.35824e-06 0.00100862
1.13619e-05 0.0403676 7.24921e-06 0.000885714
1.08271e-05 0.0277454 7.21236e-06 0.000798353
1.08961e-05 0.0366293 7.33916e-06 0.000745168
1.13995e-05 0.0406079 7.17424e-06 0.000856797
1.16417e-05 0.018347 6.98641e-06 0.000822878
1.56443e-05 0.0223226 7.2105e-06 0.000805464
1.15476e-05 0.0304243 7.20537e-06 0.00077355
1.19878e-05 0.0259803 6.87723e-06 0.000743294
1.11748e-05 0.0275275 6.7993e-06 0.000763038
1.02831e-05 0.0171455 6.61544e-06 0.000753548
1.01642e-05 0.043778 6.84237e-06 0.00075794
1.10284e-05 0.0358491 6.68351e-06 0.000763713
9.66875e-06 0.0255157 6.97715e-06 0.000826059
1.23657e-05 0.0328457 6.66985e-06 0.000930757
1.00994e-05 0.0300756 6.27574e-06 0.00109845
8.2766e-06 0.0347646 6.85382e-06 0.00172174
1.29435e-05 0.0291458 6.22954e-06 0.00730049
7.682e-06 0.0157967 6.64018e-06 0.00136394
1.21843e-05 0.0333347 5.96272e-06 0.000941528
1.31714e-05 0.0310366 6.44918e-06 0.000843259
9.07685e-06 0.0278134 6.28492e-06 0.000753862
1.11503e-05 0.0391586 6.31041e-06 0.000673335
9.7695e-06 0.0196192 5.85502e-06 0.000629207
7.8583e-06 0.0326111 6.48981e-06 0.000587797
1.24449e-05 0.0368141 5.90735e-06 0.000576288
7.82316e-06 0.0282607 6.38928e-06 0.000558973
1.12449e-05 0.0280814 5.67009e-06 0.000546783
7.63655e-06 0.028843 6.06077e-06 0.00052588
8.47746e-06 0.0489266 5.85658e-06 0.000532352
1.05404e-05 0.0273888 5.74452e-06 0.0005195
9.01413e-06 0.034524 5.60093e-06 0.000511062
7.07451e-06 0.0292725 5.81198e-06 0.000510515
9.36686e-06 0.0371803 5.729e-06 0.000506242
9.56431e-06 0.0224498 5.49776e-06 0.000520016
1.27847e-05 0.0150893 5.90551e-06 0.000497369
1.12781e-05 0.0212455 5.42745e-06 0.000498659
8.27985e-06 0.0230095 5.81291e-06 0.000527746
7.80682e-06 0.0444326 5.58843e-06 0.000592275
9.1706e-06 0.0346143 5.34906e-06 0.000602679
9.20777e-06 0.0373103 5.15182e-06 0.000627726
6.69527e-06 0.014657 5.34208e-06 0.000668968
8.96458e-06 0.0213841 5.25874e-06 0.000751552
8.75352e-06 0.0226128 5.01696e-06 0.000924356
6.32084e-06 0.0190644 5.43983e-06 0.00148254
1.09653e-05 0.030159 5.04853e-06 0.0245676
7.858e-06 0.030828 5.36784e-06 0.00139268
7.5699e-06 0.0323556 5.28807e-06 0.000934174
9.96231e-06 0.0359674 4.92379e-06 0.000773163
7.24623e-06 0.0315618 5.08615e-06 0.000702189
7.198e-06 0.018597 4.93353e-06 0.000669362
7.44197e-06 0.029129 4.78057e-06 0.000734997
8.32534e-06 0.0257591 4.92475e-06 0.000839596
1.29428e-05 0.0272683 4.67769e-06 0.00106459
6.55899e-06 0.0184135 5.04166e-06 0.00204072
1.11818e-05 0.0337304 4.63167e-06 0.00303723
7.24142e-06 0.0466422 4.54933e-06 0.00108421
6.00798e-06 0.0266321 4.85549e-06 0.000778596
7.70726e-06 0.0262668 4.86268e-06 0.000629874
8.51268e-06 0.0290627 4.5161e-06 0.000784947
5.66874e-06 0.0246016 4.71731e-06 0.0007016
7.90312e-06 0.0426168 4.34663e-06 0.000623484
6.45418e-06 0.030809 4.90601e-06 0.000575112
9.84747e-06 0.0351371 4.45094e-06 0.000528419
5.65793e-06 0.0295454 4.10926e-06 0.000494326
6.14818e-06 0.0262917 4.75992e-06 0.000485473
9.69384e-06 0.0362425 4.3622e-06 0.000469389
6.9556e-06 0.046708 4.21394e-06 0.000548073
5.6153e-06 0.0292613 4.23593e-06 0.000510123
7.6214e-06 0.0321959 4.41915e-06 0.000490796
8.27762e-06 0.0316538 3.97005e-06 0.000461227
4.99165e-06 0.0279266 4.31899e-06 0.000442347
6.50577e-06 0.0319462 4.07088e-06 0.00043245
1.12278e-05 0.0248594 4.38026e-06 0.000426374
7.71244e-06 0.0382004 4.19529e-06 0.000415054
8.29028e-06 0.0288899 4.03566e-06 0.000413524
5.02846e-06 0.0313438 3.96247e-06 0.000425313
5.2166e-06 0.0299037 4.09333e-06 0.000428171
7.06144e-06 0.0521047 4.50941e-06 0.000410671
7.9652e-06 0.0383094 3.70572e-06 0.000421689
4.61051e-06 0.0210958 3.63909e-06 0.000418453
4.97467e-06 0.0295962 4.01808e-06 0.000412999
7.5683e-06 0.0257505 4.04614e-06 0.00039831
7.93158e-06 0.0203591 3.54281e-06 0.000394351
4.38691e-06 0.0273022 3.83671e-06 0.000405207
6.32336e-06 0.0205564 3.59433e-06 0.000457759
4.78629e-06 0.026526 3.90523e-06 0.000463115
8.51272e-06 0.02351 3.48125e-06 0.000467914
5.03301e-06 0.0213369 3.70303e-06 0.000463856
6.63701e-06 0.0159302 3.52454e-06 0.000460335
4.86572e-06 0.0202198 3.55338e-06 0.00045753
5.14137e-06 0.0109607 4.22707e-06 0.000456004
7.22172e-06 0.0205841 3.51116e-06 0.000464325
5.03845e-06 0.0328027 3.52124e-06 0.000458265
4.70442e-06 0.0313462 3.59414e-06 0.000467418
4.95755e-06 0.0221403 3.69929e-06 0.00056772
1.13849e-05 0.0312886 3.57637e-06 0.000574771
7.42537e-06 0.0230342 3.20454e-06 0.000565423
4.17554e-06 0.0178986 3.38074e-06 0.000563179
5.92677e-06 0.0444152 3.14624e-06 0.00053536
5.31356e-06 0.0277674 3.26976e-06 0.00103317
4.31231e-06 0.0241663 3.40836e-06 0.000625123
6.43898e-06 0.0264919 3.50719e-06 0.000634941
5.91194e-06 0.017745 3.09882e-06 0.000641725
4.59442e-06 0.0224843 3.08296e-06 0.000668318
4.09776e-06 0.0197793 3.17509e-06 0.000624328
4.81963e-06 0.0245771 3.48693e-06 0.000678109
7.59765e-06 0.0339248 3.05369e-06 0.000734778
4.26458e-06 0.036308 3.03766e-06 0.00111098
4.29323e-06 0.0182208 3.1591e-06 0.00219513
3.84821e-06 0.0264936 3.21814e-06 0.0199606
4.96924e-06 0.0293351 3.31218e-06 0.00139297
5.74324e-06 0.0270484 3.12786e-06 0.000910099
7.67688e-06 0.0277842 3.03372e-06 0.000652098
3.51086e-06 0.0290557 2.96934e-06 0.000733624
4.27122e-06 0.0272201 3.19027e-06 0.000625307
5.73785e-06 0.0274053 2.89419e-06 0.000672393
3.81488e-06 0.0397314 2.71497e-06 0.000952558
3.61493e-06 0.0407696 3.06954e-06 0.0017467
6.55355e-06 0.020123 2.90608e-06 0.00330608
5.71487e-06 0.0383136 2.73772e-06 0.00109704
4.06248e-06 0.022241 2.84449e-06 0.000758476
4.2852e-06 0.0415151 2.76008e-06 0.000613168
9.48889e-06 0.0239333 2.69128e-06 0.00150924
3.62298e-06 0.0320393 3.10371e-06 0.000476318
7.75989e-06 0.0354649 2.70856e-06 0.000427535
4.10586e-06 0.022689 2.54759e-06 0.000400381
3.25827e-06 0.0302805 2.68611e-06 0.000389786
4.38428e-06 0.0258646 2.48339e-06 0.000348721
3.32401e-06 0.0182936 2.85396e-06 0.000871132
5.65007e-06 0.0224126 2.69489e-06 0.00132423
5.08548e-06 0.0323006 2.69673e-06 0.000623563
5.10427e-06 0.0242012 2.54945e-06 0.000689068
3.22826e-06 0.0135413 2.44155e-06 0.000782537
3.23437e-06 0.0197184 2.7895e-06 0.00100721
5.30011e-06 0.0314152 2.48376e-06 0.0019961
3.13185e-06 0.0187701 2.4672e-06 0.00245159
3.45858e-06 0.0206677 2.8125e-06 0.00116942
6.51832e-06 0.0320158 2.43383e-06 0.000927101
3.37068e-06 0.0200071 2.71201e-06 0.000824916
4.82244e-06 0.02902 2.35608e-06 0.000722897
3.37104e-06 0.022793 2.61628e-06 0.000683566
4.04839e-06 0.0341038 2.44961e-06 0.000674644
4.09136e-06 0.0297081 2.23117e-06 0.000661793
3.81078e-06 0.0264613 2.93975e-06 0.000649295
8.54557e-06 0.0400874 2.24224e-06 0.000650488
3.69463e-06 0.025577 2.15529e-06 0.000714081
2.87826e-06 0.0226786 2.26413e-06 0.000744924
2.87276e-06 0.0317394 2.19339e-06 0.000800176
2.98757e-06 0.0253681 2.17548e-06 0.0009218
3.13642e-06 0.0155385 2.14409e-06 0.00175834
3.34439e-06 0.0266835 2.34745e-06 0.00522023
5.14005e-06 0.0249939 2.27031e-06 0.00227492
4.36582e-06 0.0332065 2.28773e-06 0.000972894
4.54949e-06 0.023904 2.07548e-06 0.000738601
3.44218e-06 0.0162625 2.06758e-06 0.000648734
2.61495e-06 0.0193536 2.26318e-06 0.000560501
9.07987e-06 0.0239431 2.26393e-06 0.000512887
3.94074e-06 0.0374783 2.03311e-06 0.000476329
3.0363e-06 0.0230913 1.9425e-06 0.000457578
2.54752e-06 0.0218766 2.08041e-06 0.000449211
3.58765e-06 0.0324135 2.16404e-06 0.000442236
4.68265e-06 0.0356787 2.04257e-06 0.000434685
2.76589e-06 0.0125896 2.29006e-06 0.00265578
5.27651e-06 0.0323973 2.18946e-06 0.00249081
4.3079e-06 0.0258097 2.00377e-06 0.00118096
2.63474e-06 0.0256274 1.97198e-06 0.000912982
2.76721e-06 0.0222502 2.13099e-06 0.00080137
2.50656e-06 0.0177794 1.99318e-06 0.000755459
2.85053e-06 0.0195459 2.40114e-06 0.000721699
6.66313e-06 0.038107 2.0408e-06 0.000717133
3.3035e-06 0.0231773 1.91835e-06 0.000741236
2.7151e-06 0.0294652 1.86368e-06 0.000786205
2.26482e-06 0.0140769 1.85681e-06 0.000890992
2.55299e-06 0.0289547 1.78254e-06 0.00117721
2.11855e-06 0.0158105 1.76799e-06 0.00283038
2.60082e-06 0.0209816 1.75922e-06 0.00217713
2.24333e-06 0.0197804 2.02231e-06 0.000994269
4.39982e-06 0.0186447 1.65736e-06 0.000728763
2.645e-06 0.0201888 1.99525e-06 0.000606999
4.90673e-06 0.0248448 1.74696e-06 0.000542023
2.76044e-06 0.0167918 1.69726e-06 0.000500793
2.48781e-06 0.0146895 1.66789e-06 0.000478575
2.33945e-06 0.0216653 1.72583e-06 0.000611117
2.30107e-06 0.0172889 1.7039e-06 0.000608086
2.45952e-06 0.0202458 1.86153e-06 0.000612011
4.18908e-06 0.0183358 1.66861e-06 0.000626002
2.91814e-06 0.0215535 1.65517e-06 0.000649423
2.16801e-06 0.0196061 1.63476e-06 0.000685369
2.33603e-06 0.016318 1.70297e-06 0.000757778
3.44786e-06 0.033502 1.6524e-06 0.000924488
3.73096e-06 0.0334821 1.51919e-06 0.00150276
2.14599e-06 0.026066 1.72407e-06 0.0103261
2.84387e-06 0.042446 1.89203e-06 0.00125056
3.20973e-06 0.0196579 1.59447e-06 0.000810053
2.74871e-06 0.0195564 1.55445e-06 0.000639688
1.94635e-06 0.0223958 1.47102e-06 0.000551267
1.74821e-06 0.0174773 1.49691e-06 0.000491705
1.57438e-06 0.0201776 1.53751e-06 0.000454001
2.62788e-06 0.0265456 1.58422e-06 0.000429475
2.49987e-06 0.0191736 1.57164e-06 0.000407184
2.30396e-06 0.0323765 1.98422e-06 0.000387424
5.96025e-06 0.0202973 1.62427e-06 0.000379757
2.43831e-06 0.0193082 1.66474e-06 0.000369643
2.21066e-06 0.0217306 1.62898e-06 0.000363439
1.82698e-06 0.0230965 1.55837e-06 0.000363873
2.14662e-06 0.0303102 1.5996e-06 0.00035873
2.16044e-06 0.0234833 1.47321e-06 0.000965662
2.24837e-06 0.0260003 1.42547e-06 0.00105926
6.99954e-06 0.0203995 1.52741e-06 0.00133366
1.82365e-06 0.0279197 1.56855e-06 0.00333477
2.87962e-06 0.0358874 1.63762e-06 0.00210839
3.34301e-06 0.0218487 1.33478e-06 0.0011023
2.13391e-06 0.0216239 1.26463e-06 0.00084443
3.19603e-06 0.0383914 1.51865e-06 0.000719782
4.2179e-06 0.0279821 1.2907e-06 0.000642103
2.12727e-06 0.0254396 1.21462e-06 0.000585941
1.83349e-06 0.0175418 1.33192e-06 0.000544839
1.95049e-06 0.03159 1.22554e-06 0.000512477
1.65949e-06 0.024508 1.30626e-06 0.000482577
2.12348e-06 0.0202441 1.31771e-06 0.000457341
1.97541e-06 0.0303207 1.34306e-06 0.000437447
2.27274e-06 0.027493 1.44355e-06 0.000420136
3.52246e-06 0.0258092 1.2425e-06 0.000400856
1.57536e-06 0.0282782 1.27117e-06 0.0003876
1.72698e-06 0.0264294 1.21156e-06 0.000373943
1.75339e-06 0.0302991 1.24949e-06 0.000361299
2.05849e-06 0.0263955 1.27396e-06 0.000348661
1.90455e-06 0.0252292 1.37178e-06 0.000338003
5.13313e-06 0.0345313 1.26781e-06 0.000328196
2.13337e-06 0.0182143 1.30947e-06 0.000318331
2.06716e-06 0.0296318 1.32723e-06 0.00031182
2.70861e-06 0.0314273 1.4897e-06 0.00031042
3.62126e-06 0.0281889 1.2715e-06 0.000302905
1.64557e-06 0.0264324 1.07894e-06 0.000295134
1.72156e-06 0.0268721 1.17838e-06 0.000293563
1.79565e-06 0.0177326 1.178e-06 0.00030409
1.65575e-06 0.0263342 1.09599e-06 0.000679733
1.78924e-06 0.0315613 1.12612e-06 0.000670374
1.76293e-06 0.0227467 1.0321e-06 0.000619613
1.65479e-06 0.0287188 1.10594e-06 0.000597067
1.54945e-06 0.0228775 1.05916e-06 0.000560517
1.16375e-06 0.0228272 1.0204e-06 0.000544772
1.83001e-06 0.0193918 1.08198e-06 0.000512174
1.50787e-06 0.0274514 9.00727e-07 0.000501701
1.14384e-06 0.0276779 1.24345e-06 0.000482802
3.89707e-06 0.0397431 1.37826e-06 0.000465655
4.73154e-06 0.0332213 1.09146e-06 0.000448766
1.64919e-06 0.0309418 1.00133e-06 0.00043467
1.38912e-06 0.0322944 1.00938e-06 0.000417827
1.36573e-06 0.026892 1.1212e-06 0.0004027
2.75369e-06 0.0280705 1.03082e-06 0.000385298
1.58324e-06 0.0296883 1.0694e-06 0.00038303
1.38747e-06 0.0281209 9.25844e-07 0.000366227
1.10723e-06 0.0283064 1.0883e-06 0.000357655
1.17051e-06 0.0241526 9.56829e-07 0.00034836
1.06859e-06 0.0312946 1.02591e-06 0.000341402
1.63845e-06 0.0214967 1.03674e-06 0.000335375
1.71789e-06 0.0282707 1.07406e-06 0.000328768
2.24546e-06 0.0300565 1.18812e-06 0.0003197
2.69681e-06 0.0302302 9.68356e-07 0.000319756
1.13863e-06 0.0307628 1.02447e-06 0.000314123
1.88121e-06 0.0280244 1.05173e-06 0.000302979
1.92567e-06 0.0393169 1.23399e-06 0.000302191
3.45075e-06 0.0276638 1.11802e-06 0.000297578
1.77336e-06 0.0382705 9.66079e-07 0.000289496
1.40609e-06 0.0257139 1.01489e-06 0.000290077
1.74061e-06 0.0259715 9.25854e-07 0.000286864
1.57271e-06 0.0263141 8.81005e-07 0.000289755
1.31993e-06 0.0382057 8.51266e-07 0.000298358
1.22905e-06 0.0189492 7.2361e-07 0.000291862
1.14031e-06 0.0282929 9.57505e-07 0.000295367
1.62289e-06 0.0245193 8.33161e-07 0.000311533
1.46408e-06 0.033881 9.56451e-07 0.000308862
1.74238e-06 0.0393259 9.72898e-07 0.000322174
2.32079e-06 0.026036 7.76125e-07 0.00034997
1.68606e-06 0.033515 8.68834e-07 0.000687011
1.45204e-06 0.0254026 7.21232e-07 0.000527607
6.45574e-06 0.0241578 8.38948e-07 0.000580068
1.33353e-06 0.029603 8.48923e-07 0.000625758
1.42374e-06 0.0222103 6.6619e-07 0.000730228
9.33672e-07 0.0343611 9.25271e-07 0.000978742
1.05174e-06 0.0184373 7.03751e-07 0.00210141
1.29599e-06 0.0345103 7.58044e-07 0.00261307
1.5734e-06 0.0421155 9.73189e-07 0.00104322
2.00195e-06 0.0361317 8.90177e-07 0.000751335
3.87855e-06 0.0303105 8.62557e-07 0.000625706
1.99634e-06 0.0339375 8.83642e-07 0.000563941
1.45684e-06 0.0331013 6.96403e-07 0.000510651
1.47241e-06 0.0244406 8.05697e-07 0.000477972
1.29907e-06 0.0266271 8.0667e-07 0.000459891
1.20288e-06 0.0317846 8.02126e-07 0.000436336
1.78181e-06 0.0312475 9.58506e-07 0.000423097
2.48327e-06 0.0324254 8.18944e-07 0.00042
1.52818e-06 0.0229358 8.1744e-07 0.000408071
1.13925e-06 0.0318091 7.70897e-07 0.00039767
1.27906e-06 0.0257411 6.79622e-07 0.000398098
9.3888e-07 0.0244958 8.13286e-07 0.000382139
1.1723e-06 0.0358266 7.89537e-07 0.000375161
1.54637e-06 0.023739 7.62743e-07 0.000375055
1.3958e-06 0.0289242 6.67951e-07 0.000359975
1.14883e-06 0.0242374 6.58012e-07 0.000355426
1.01922e-06 0.0190298 5.58846e-07 0.000357245
6.98812e-07 0.0184878 7.6131e-07 0.00034284
1.02279e-06 0.0232941 5.94468e-07 0.000337707
1.00715e-06 0.0255493 6.33406e-07 0.00034198
1.66677e-06 0.0197699 7.59094e-07 0.000330934
1.44028e-06 0.026516 5.96653e-07 0.00032425
1.04948e-06 0.0253195 5.72189e-07 0.000329019
9.33977e-07 0.0202545 7.24003e-07 0.000317582
1.05057e-06 0.02706 5.98194e-07 0.000312174
9.28765e-07 0.0157368 5.4778e-07 0.000319105
7.72548e-07 0.0242437 6.99576e-07 0.000307354
1.38574e-06 0.0267292 5.9813e-07 0.000302384
7.67783e-07 0.013335 5.16876e-07 0.000303691
9.11322e-07 0.0208274 7.24235e-07 0.000299929
1.49025e-06 0.0356725 7.67613e-07 0.000296108
1.80692e-06 0.0293315 6.50148e-07 0.000296392
1.54292e-06 0.0272449 7.74866e-07 0.000291748
3.06894e-06 0.0198933 7.28509e-07 0.000291338
1.49512e-06 0.0291152 5.9675e-07 0.000290404
1.22957e-06 0.0189175 5.26757e-07 0.000299162
1.02782e-06 0.0220858 6.8861e-07 0.000297961
1.06194e-06 0.0299078 6.21514e-07 0.000296381
9.96586e-07 0.0135577 5.39206e-07 0.000291399
8.67299e-07 0.0221054 6.46718e-07 0.000302512
1.26075e-06 0.0232195 6.39648e-07 0.000299084
9.06459e-07 0.0219336 5.90577e-07 0.000301107
1.08312e-06 0.0165868 4.50421e-07 0.000300339
5.62146e-07 0.0180957 6.78165e-07 0.000303426
1.07615e-06 0.0256158 6.08068e-07 0.000311155
8.28668e-07 0.0165497 5.36398e-07 0.000315246
1.2298e-06 0.0281148 6.08788e-07 0.000485492
1.05739e-06 0.0234377 5.30803e-07 0.00082072
1.07907e-06 0.0260306 5.34539e-07 0.00085787
1.08678e-06 0.0280676 5.06506e-07 0.000727161
7.01168e-07 0.0247814 5.74472e-07 0.000619859
9.51989e-07 0.018976 5.21863e-07 0.000571304
7.87729e-07 0.025856 4.99901e-07 0.000529614
9.3526e-07 0.0397731 4.94042e-07 0.00050558
7.03763e-07 0.0263844 6.12672e-07 0.000530221
2.28716e-06 0.0218981 4.89569e-07 0.000504483
1.024e-06 0.0328907 5.23656e-07 0.000480631
2.11035e-06 0.0349853 6.22683e-07 0.000460187
1.89142e-06 0.0172148 5.80556e-07 0.000440089
8.29232e-07 0.0227616 4.89474e-07 0.000429994
8.24459e-07 0.0245247 4.51894e-07 0.000459218
1.0977e-06 0.0329442 5.09632e-07 0.000451696
1.48731e-06 0.0282183 5.81874e-07 0.000433308
1.43564e-06 0.0378273 5.04469e-07 0.000422934
1.14327e-06 0.0359787 5.83519e-07 0.000407812
2.50183e-06 0.0249426 4.37821e-07 0.000394819
5.97761e-07 0.029979 5.06242e-07 0.000382984
7.70993e-07 0.028582 4.96129e-07 0.000371247
8.49567e-07 0.0240159 4.70071e-07 0.00036239
6.73934e-07 0.0318324 4.73157e-07 0.000351194
7.44761e-07 0.0281351 4.57866e-07 0.000346268
1.05569e-06 0.0330492 5.70616e-07 0.000333691
7.70616e-07 0.0225627 4.95857e-07 0.000339951
1.02373e-06 0.0288478 4.28959e-07 0.000334381
5.02282e-07 0.0296415 4.22558e-07 0.000324469
5.94769e-07 0.0243669 4.64583e-07 0.000316981
6.29642e-07 0.0300086 3.91929e-07 0.000313428
5.41632e-07 0.0200944 3.69938e-07 0.000305627
5.41491e-07 0.0205451 3.72353e-07 0.000300697
9.20499e-07 0.0271725 4.09477e-07 0.000296378
7.6111e-07 0.0288414 4.28613e-07 0.000289561
9.06806e-07 0.0237624 6.76674e-07 0.000292584
1.28242e-06 0.0343287 4.22491e-07 0.000307201
6.76185e-07 0.0266584 4.03789e-07 0.000306843
8.67978e-07 0.0220307 6.26348e-07 0.00030409
1.94122e-06 0.0277197 5.94538e-07 0.000274271
1.34056e-06 0.0282953 4.34487e-07 0.000275286
8.50236e-07 0.0254018 4.12721e-07 0.000271401
1.01137e-06 0.027138 4.19664e-07 0.000269497
9.29847e-07 0.0262436 4.74112e-07 0.000269643
7.08666e-07 0.0229624 5.59765e-07 0.000311653
9.67956e-07 0.0212631 5.39484e-07 0.000318557
1.15559e-06 0.0196005 3.71534e-07 0.000334425
8.96971e-07 0.023359 4.45967e-07 0.000343564
7.28838e-07 0.0352616 3.8672e-07 0.000364463
6.41357e-07 0.0154417 3.04874e-07 0.000395235
6.99528e-07 0.0149988 4.70707e-07 0.000440998
1.14419e-06 0.0279676 3.99988e-07 0.000523323
9.51565e-07 0.0200564 4.94861e-07 0.000690938
1.19305e-06 0.0244295 4.53961e-07 0.000565996
8.76825e-07 0.0274906 3.63569e-07 0.000815139
6.1116e-07 0.0141847 3.37179e-07 0.00721543
4.31013e-07 0.0131536 4.22081e-07 0.0010265
8.6372e-07 0.0396803 4.74324e-07 0.000612132
8.25147e-07 0.0289642 3.20083e-07 0.000457844
1.28653e-06 0.0186721 4.43991e-07 0.000377933
1.43115e-06 0.0324656 4.19661e-07 0.000402278
1.12908e-06 0.027318 3.82457e-07 0.000343701
8.10217e-07 0.023575 4.83833e-07 0.000301653
1.11176e-06 0.0250848 4.56072e-07 0.000227147
1.06868e-06 0.0316021 5.48981e-07 0.000216643
1.33873e-06 0.0181389 3.88336e-07 0.000210425
7.78873e-07 0.0342243 3.71412e-07 0.000197982
7.84754e-07 0.0346267 3.63818e-07 0.000189859
1.27109e-06 0.0244674 5.49018e-07 0.000182662
2.66969e-06 0.0265365 4.11691e-07 0.000177919
1.08261e-06 0.01579 2.81673e-07 0.000169664
6.01951e-06 0.0127264 4.79909e-07 0.000170114
7.40212e-07 0.0273102 4.58279e-07 0.000162144
6.47578e-07 0.0170218 3.92864e-07 0.000158969
7.93537e-07 0.0306591 4.87082e-07 0.000155989
1.24658e-06 0.0310878 4.15924e-07 0.000126297
1.11295e-06 0.0262943 3.23849e-07 0.000124826
6.05754e-07 0.0216319 4.66685e-07 0.000122636
9.20675e-07 0.0310942 5.24809e-07 0.000124317
1.38949e-06 0.0218171 2.68269e-07 0.000127236
3.96179e-07 0.013496 3.18235e-07 0.000126306
3.93281e-07 0.0261034 3.44559e-07 0.000122958
4.39576e-07 0.0218842 3.64785e-07 0.000123675
4.48206e-07 0.0119183 3.51813e-07 0.000124748
5.80963e-07 0.0225579 4.23168e-07 0.000126311
5.83086e-07 0.0174468 3.29365e-07 0.000137369
7.98496e-07 0.0218096 3.41001e-07 0.000139746
7.16337e-07 0.0238052 3.13923e-07 0.00014338
4.84632e-07 0.0278855 2.73754e-07 0.000159713
6.61446e-07 0.0257621 3.52717e-07 0.000164391
6.76221e-07 0.0259701 4.29789e-07 0.000223579
9.3607e-07 0.0318989 4.75835e-07 0.000211445
8.63933e-07 0.0186625 3.69041e-07 0.000256944
8.74842e-07 0.0241521 3.43709e-07 0.00029906
9.25089e-07 0.0144784 3.42642e-07 0.000409769
7.73174e-07 0.0345117 3.84033e-07 0.000583416
1.71974e-06 0.0258714 4.17568e-07 0.00136151
1.08243e-06 0.0317327 3.45744e-07 0.00466985
8.30957e-07 0.0259931 5.23758e-07 0.000883499
1.68725e-06 0.0181902 3.22793e-07 0.000500739
4.32704e-07 0.0205498 3.6364e-07 0.000374013
5.73047e-07 0.0271797 3.17315e-07 0.000291036
4.38837e-07 0.0222826 2.52538e-07 0.000253267
3.02958e-07 0.0141522 3.37207e-07 0.000225254
5.14094e-07 0.0157799 4.04857e-07 0.000197768
9.28142e-07 0.031479 4.25605e-07 0.000186781
6.15587e-07 0.0272781 2.4249e-07 0.00016741
3.76085e-07 0.027277 2.68221e-07 0.000161031
3.60195e-07 0.0215436 3.23605e-07 0.000146774
7.35462e-07 0.0189413 3.46459e-07 0.000144064
5.66666e-07 0.0163768 3.11482e-07 0.000133189
4.29204e-07 0.0252228 3.97744e-07 0.000130739
6.32402e-07 0.0246784 3.28842e-07 0.00012535
6.00669e-07 0.0214154 3.05879e-07 0.000124024
7.19274e-07 0.0246818 3.33151e-07 0.000123301
8.13681e-07 0.027818 3.49912e-07 0.000120982
9.81197e-07 0.0189025 2.70528e-07 0.00011956
5.15493e-07 0.0154446 2.84375e-07 0.000265653
7.20582e-07 0.0269899 4.01945e-07 0.000929018
5.14803e-07 0.0265857 3.01524e-07 0.000920941
4.72756e-07 0.0243017 2.49121e-07 0.000727703
4.42297e-07 0.0171152 2.0002e-07 0.000783167
3.7865e-07 0.0180884 3.31174e-07 0.000603365
8.54612e-07 0.0232767 2.43961e-07 0.000683251
3.64483e-07 0.0210573 3.04013e-07 0.00052893
5.32473e-07 0.0226412 3.24871e-07 0.000612404
6.35371e-07 0.0310656 3.85725e-07 0.000477845
6.85059e-07 0.0169733 2.38997e-07 0.000559294
3.78254e-07 0.014778 1.86914e-07 0.000438057
3.04647e-07 0.0146281 2.23947e-07 0.00051902
3.10734e-07 0.0167762 2.66965e-07 0.000408026
6.61978e-07 0.0215268 2.55311e-07 0.000486923
5.84585e-07 0.026743 2.86657e-07 0.000384933
5.21788e-07 0.0295391 3.16301e-07 0.000459895
4.84325e-07 0.0276362 3.49019e-07 0.000366559
5.95815e-07 0.0306277 2.93622e-07 0.000439164
5.57339e-07 0.0228175 2.63399e-07 0.000352261
3.16434e-07 0.0225866 1.67326e-07 0.000415884
2.54586e-07 0.0116162 2.30506e-07 0.000335245
3.81773e-07 0.0229272 1.68373e-07 0.000399015
2.09306e-07 0.0168888 2.38586e-07 0.000322972
3.64282e-07 0.015959 2.05155e-07 0.000383473
3.10532e-07 0.021973 4.62337e-07 0.000313446
8.51787e-07 0.0257996 3.10245e-07 0.000338763
1.32026e-06 0.0273623 2.70505e-07 0.000337344
3.58373e-07 0.030027 2.26582e-07 0.000345137
4.12649e-07 0.0212437 2.58788e-07 0.000493354
4.64101e-07 0.0286037 3.1829e-07 0.000604901
6.90951e-07 0.0297603 3.40431e-07 0.000720726
6.80619e-07 0.0372298 2.28272e-07 0.000919385
5.03124e-07 0.0208489 3.31801e-07 0.00110686
4.38283e-07 0.0311655 2.23363e-07 0.0012704
3.08746e-07 0.0297019 2.40133e-07 0.00159377
4.93793e-07 0.0297141 2.13511e-07 0.00188701
4.69601e-07 0.0194057 2.19682e-07 0.00231219
4.93463e-07 0.0176284 1.69905e-07 0.00296978
2.0159e-07 0.0127938 1.55187e-07 0.00454889
2.92612e-07 0.00638562 2.09888e-07 0.0139731
6.75759e-07 0.00901983 1.37673e-07 0.012693
2.45871e-07 0.00490356 1.35652e-07 0.0116363
2.05951e-07 0.0044915 1.45811e-07 0.0044228
3.31616e-07 0.00463031 1.87275e-07 0.00419573
4.60095e-07 0.007335 1.46793e-07 0.00542846
3.8964e-07 0.00333553 1.46055e-07 0.00678736
2.78701e-07 0.0075537 1.26365e-07 0.00836242
1.73078e-07 0.00480819 8.83301e-08 0.0136136
1.65801e-07 0.0028216 1.27288e-07 0.0108205
1.82658e-07 0.00587759 1.22799e-07 0.00690819
2.01605e-07 0.00044433 1.44433e-07 0.00750711
3.82402e-07 0.00483347 1.26638e-07 0.00856162
2.32947e-07 0.00460295 1.33896e-07 0.0109442
1.4061e-07 0.00390859 1.25697e-07 0.00516666
1.67852e-07 0.0104302 1.4865e-07 0.0904308
3.01491e-07 0.00297095 1.20824e-07 0.00456166
4.04473e-07 0.00359267 1.12305e-07 0.00481212
2.09476e-07 0.00362705 1.15281e-07 0.0106036
1.56252e-07 0.00834603 1.14766e-07 0.0122676
2.4726e-07 0.00121205 1.36376e-07 0.00845616
2.29077e-07 0.00480393 1.17112e-07 0.00838919
2.64416e-07 0.00105026 1.08389e-07 0.00387423
1.05653e-07 0.00339391 1.4329e-07 0.00291449
2.71182e-07 0.000741562 8.02903e-08 0.00265938
1.47744e-07 0.00214316 1.49728e-07 0.00288282
3.05738e-07 0.00374445 1.45035e-07 0.0193187
2.40808e-07 0.00500032 1.27444e-07 0.00268549
4.77105e-07 0.00370288 1.42282e-07 0.00203799
3.12608e-07 0.00853095 9.15499e-08 0.00178539
3.89549e-07 0.00221493 1.20978e-07 0.0017284
2.11003e-07 0.00444572 1.95311e-07 0.00159343
6.40628e-07 0.0130337 1.12033e-07 0.00150384
1.7604e-07 0.00746603 1.11885e-07 0.00144119
1.91479e-07 0.00430735 1.50013e-07 0.00139805
2.52242e-07 0.0073415 1.12034e-07 0.00137097
2.18276e-07 0.00423245 1.38041e-07 0.00135984
3.13583e-07 0.00176447 1.04961e-07 0.0014009
1.86448e-07 0.0011915 9.3402e-08 0.00143316
1.39503e-07 0.00111255 8.0251e-08 0.00148776
1.64976e-07 0.00102628 1.20782e-07 0.00161445
3.86229e-07 0.00101815 9.04987e-08 0.0019683
2.81004e-07 0.00427622 1.16844e-07 0.00511013
1.81123e-07 0.00243945 9.10482e-08 0.00252491
2.87588e-07 0.000523622 8.99538e-08 0.00177822
2.47783e-07 0.00388925 1.29042e-07 0.00161528
3.20343e-07 0.00220163 1.04081e-07 0.00159106
4.42016e-07 0.00163546 8.71192e-08 0.00165684
1.62743e-07 0.0034148 9.61243e-08 0.00185339
8.96904e-08 3.42387e-05 9.86344e-08 0.00257969
1.66537e-07 0.000549056 1.26547e-07 0.0116281
2.50946e-07 0.00719295 1.16067e-07 0.00264244
1.52654e-07 0.00855676 1.20634e-07 0.00274411
5.22465e-07 0.00159212 1.33394e-07 0.011625
3.0236e-07 0.00210746 9.0179e-08 0.00362903
1.72419e-07 0.00404208 1.24993e-07 0.0103929
4.22559e-07 0.000569756 1.18706e-07 0.00341641
4.01973e-07 0.00135551 1.14214e-07 0.0070086
2.29912e-07 0.00318261 1.23903e-07 0.00241343
2.54803e-07 0.00467525 1.00368e-07 0.00218496
1.89663e-07 0.00926254 1.37911e-07 0.00247046
2.63081e-07 0.00725916 1.29112e-07 0.014764
1.99109e-07 0.00625334 1.13593e-07 0.00211812
2.05499e-07 0.00329622 1.08629e-07 0.00154761
4.72772e-07 0.00238046 1.31755e-07 0.00132153
2.62655e-07 0.00824135 1.18428e-07 0.00129436
2.67601e-07 0.00779683 8.35431e-08 0.00117814
1.67781e-07 0.00307957 1.05386e-07 0.00110409
3.32963e-07 0.000185832 8.36342e-08 0.00119787
1.27036e-07 4.42577e-05 1.13583e-07 0.00115391
5.06088e-07 0.0024067 1.06584e-07 0.00118851
3.35641e-07 0.00183044 7.90077e-08 0.00672971
1.24319e-07 0.00791096 1.13545e-07 0.00194013
4.22667e-07 0.00645866 1.04539e-07 0.00127299
1.77296e-07 0.00342043 1.28364e-07 0.00104627
