0 0.0156 0.0528 0.0972 0.1344 0.15
0 0.0177277 0.0538866 0.0961132 0.132272 0.15
0 0.0173161 0.0537251 0.0962758 0.132685 0.15
0 0.016926 0.0535065 0.096495 0.133075 0.15
0 0.016752 0.0533956 0.0966062 0.133249 0.15
0 0.0166916 0.0533541 0.0966496 0.13331 0.15
0 0.016675 0.0533437 0.0966666 0.133329 0.15
0 0.0166743 0.0533484 0.096679 0.133338 0.15
0 0.0166818 0.0533652 0.096698 0.133348 0.15
0 0.0166972 0.0533956 0.0967293 0.133364 0.15
0 0.0167198 0.0534338 0.0967678 0.133388 0.15
0 0.0167375 0.0534435 0.0967715 0.133401 0.15
0 0.0167071 0.0533074 0.0965969 0.133322 0.15
0 0.0165234 0.052743 0.0958635 0.13289 0.15
0 0.0159946 0.0512166 0.0937375 0.13135 0.15
0 0.014889 0.048011 0.0887797 0.126726 0.15 0.15 0.15 0.15 0.15 0.15
0 0.0131403 0.0427913 0.0796511 0.114571 0.13864 0.146136 0.148774 0.149805 0.15011 0.15
0 0.0111053 0.0367033 0.068975 0.100326 0.124189 0.137369 0.144374 0.148066 0.149733 0.15
0 0.00918698 0.0309534 0.0590238 0.087343 0.111004 0.12765 0.138562 0.145334 0.148964 0.15
0 0.00761381 0.026196 0.0508445 0.0767906 0.100196 0.118937 0.132842 0.142415 0.148082 0.15
0 0.0064414 0.0225943 0.0446395 0.0687887 0.0918974 0.111926 0.127997 0.139837 0.147284 0.15
0 0.00562746 0.0200391 0.0401994 0.0630279 0.0858473 0.106678 0.124265 0.137812 0.146657 0.15
0 0.00509382 0.0183195 0.0371718 0.0590624 0.0816353 0.102966 0.121588 0.136351 0.14621 0.15
0 0.00476178 0.0172161 0.0351972 0.0564472 0.0788304 0.100471 0.119778 0.135367 0.145916 0.15
0 0.0045663 0.016542 0.0339672 0.0547976 0.0770461 0.0988755 0.118621 0.134744 0.145735 0.15
0 0.00445879 0.0161528 0.0332396 0.053808 0.0759673 0.0979093 0.117925 0.134375 0.145633 0.15
0 0.0044052 0.0159441 0.0328365 0.05325 0.0753544 0.0973609 0.117534 0.134175 0.145581 0.15
0 0.00438286 0.0158444 0.0326334 0.0529616 0.0750346 0.0970762 0.117335 0.134077 0.145559 0.15
0 0.00437735 0.0158065 0.0325469 0.0528327 0.0748896 0.0969486 0.117251 0.13404 0.145554 0.15
0 0.00437997 0.015801 0.0325237 0.0527921 0.074842 0.0969084 0.117228 0.134035 0.145556 0.15
0 0.00438576 0.0158105 0.0325315 0.052796 0.0748439 0.0969123 0.117236 0.134044 0.145562 0.15
0 0.00439208 0.0158251 0.0325517 0.0528186 0.0748671 0.0969348 0.117256 0.134059 0.145568 0.15
0 0.00439771 0.0158399 0.0325744 0.0528462 0.0748962 0.0969623 0.117278 0.134073 0.145573 0.15
0 0.00440223 0.0158525 0.0325949 0.0528719 0.0749238 0.096988 0.117299 0.134086 0.145578 0.15
0 0.00440562 0.0158625 0.0326115 0.0528931 0.0749467 0.0970092 0.117315 0.134096 0.145581 0.15
0 0.00440802 0.0158698 0.0326239 0.0529093 0.0749642 0.0970254 0.117327 0.134103 0.145584 0.15
0 0.00440965 0.0158749 0.0326328 0.052921 0.074977 0.097037 0.117336 0.134108 0.145585 0.15
0 0.00441071 0.0158783 0.0326389 0.0529291 0.0749858 0.0970451 0.117342 0.134112 0.145587 0.15
0 0.00441137 0.0158805 0.0326429 0.0529345 0.0749916 0.0970503 0.117346 0.134114 0.145587 0.15
0 0.00441176 0.0158819 0.0326454 0.0529378 0.0749953 0.0970537 0.117349 0.134115 0.145588 0.15
0 0.00441197 0.0158827 0.0326469 0.0529399 0.0749975 0.0970557 0.11735 0.134116 0.145588 0.15
0 0.00441208 0.0158831 0.0326477 0.0529411 0.0749988 0.0970568 0.117351 0.134116 0.145588 0.15
0 0.00441213 0.0158833 0.0326481 0.0529417 0.0749995 0.0970574 0.117351 0.134116 0.145588 0.15
0 0.00441214 0.0158834 0.0326483 0.052942 0.0749998 0.0970576 0.117351 0.134116 0.145588 0.15
0 0.00441213 0.0158834 0.0326484 0.0529421 0.0749999 0.0970577 0.117351 0.134116 0.145588 0.15
0 0.00441212 0.0158834 0.0326484 0.0529421 0.0749999 0.0970577 0.117351 0.134116 0.145588 0.15
0 0.0044121 0.0158834 0.0326484 0.052942 0.0749999 0.0970576 0.117351 0.134116 0.145588 0.15
0 0.00441209 0.0158833 0.0326483 0.052942 0.0749998 0.0970576 0.117351 0.134116 0.145588 0.15
0 0.00441208 0.0158833 0.0326483 0.0529419 0.0749997 0.0970575 0.117351 0.134116 0.145588 0.15
0 0.00441207 0.0158833 0.0326482 0.0529419 0.0749997 0.0970574 0.117351 0.134116 0.145588 0.15
0 0.00441206 0.0158833 0.0326482 0.0529418 0.0749996 0.0970574 0.117351 0.134116 0.145588 0.15
0 0.00441205 0.0158832 0.0326482 0.0529418 0.0749996 0.0970574 0.117351 0.134116 0.145588 0.15
0 0.00441205 0.0158832 0.0326481 0.0529418 0.0749995 0.0970573 0.117351 0.134116 0.145588 0.15
0 0.00441205 0.0158832 0.0326481 0.0529418 0.0749995 0.0970573 0.117351 0.134116 0.145588 0.15
0 0.00441205 0.0158832 0.0326481 0.0529417 0.0749995 0.0970573 0.117351 0.134116 0.145588 0.15
0 0.00441205 0.0158832 0.0326481 0.0529417 0.0749995 0.0970573 0.117351 0.134116 0.145588 0.15
0 0.00441205 0.0158832 0.0326481 0.0529417 0.0749995 0.0970573 0.117351 0.134116 0.145588 0.15
0 0.00441205 0.0158832 0.0326481 0.0529417 0.0749995 0.0970573 0.117351 0.134116 0.145588 0.15
0 0.00441204 0.0158832 0.0326481 0.0529417 0.0749995 0.0970573 0.117351 0.134116 0.145588 0.15
0 0.00441204 0.0158832 0.0326481 0.0529417 0.0749995 0.0970573 0.117351 0.134116 0.145588 0.15
0 0.00441205 0.0158832 0.0326481 0.0529417 0.0749995 0.0970573 0.117351 0.134116 0.145588 0.15
0 0.00441205 0.0158832 0.0326481 0.0529417 0.0749995 0.0970573 0.117351 0.134116 0.145588 0.15
0 0.00441205 0.0158832 0.0326481 0.0529417 0.0749995 0.0970573 0.117351 0.134116 0.145588 0.15
0 0.00441205 0.0158832 0.0326481 0.0529417 0.0749995 0.0970573 0.117351 0.134116 0.145588 0.15
0 0.00441205 0.0158832 0.0326481 0.0529417 0.0749995 0.0970573 0.117351 0.134116 0.145588 0.15
0 0.00441205 0.0158832 0.0326481 0.0529417 0.0749995 0.0970573 0.117351 0.134116 0.145588 0.15
0 0.00441205 0.0158832 0.0326481 0.0529417 0.0749995 0.0970573 0.117351 0.134116 0.145588 0.15
0 0.00441205 0.0158832 0.0326481 0.0529417 0.0749995 0.0970573 0.117351 0.134116 0.145588 0.15
0 0.00441205 0.0158832 0.0326481 0.0529417 0.0749995 0.0970573 0.117351 0.134116 0.145588 0.15
0 0.00441205 0.0158832 0.0326481 0.0529418 0.0749995 0.0970573 0.117351 0.134116 0.145588 0.15
0 0.00441206 0.0158832 0.0326481 0.0529418 0.0749995 0.0970573 0.117351 0.134116 0.145588 0.15
0 0.00441206 0.0158832 0.0326481 0.0529418 0.0749995 0.0970573 0.117351 0.134116 0.145588 0.15
0 0.00441205 0.0158832 0.0326481 0.0529418 0.0749996 0.0970574 0.117351 0.134116 0.145588 0.15
0 0.00441205 0.0158832 0.0326481 0.0529418 0.0749996 0.0970574 0.117351 0.134116 0.145588 0.15
0 0.00441204 0.0158832 0.0326481 0.0529418 0.0749996 0.0970574 0.117351 0.134116 0.145588 0.15
0 0.00441202 0.0158832 0.0326481 0.0529417 0.0749996 0.0970575 0.117351 0.134116 0.145588 0.15
0 0.00441198 0.0158831 0.032648 0.0529417 0.0749996 0.0970575 0.117351 0.134116 0.145588 0.15
0 0.00441194 0.0158831 0.032648 0.0529417 0.0749996 0.0970574 0.117351 0.134116 0.145588 0.15
0 0.00441191 0.0158832 0.0326482 0.0529419 0.0749995 0.0970572 0.117351 0.134116 0.145588 0.15
0 0.00441199 0.0158837 0.032649 0.0529425 0.0749994 0.0970565 0.11735 0.134116 0.145588 0.15
0 0.00441242 0.0158853 0.0326514 0.0529441 0.0749993 0.0970545 0.117348 0.134114 0.145587 0.15
0 0.00441378 0.0158896 0.0326573 0.0529483 0.0749991 0.0970501 0.117341 0.13411 0.145586 0.15
0 0.00441738 0.0159 0.0326707 0.0529575 0.0749989 0.0970404 0.117328 0.134099 0.145582 0.15
0 0.004426 0.0159229 0.0326989 0.0529766 0.0749987 0.0970209 0.117299 0.134076 0.145573 0.15
0 0.00444521 0.0159697 0.0327542 0.0530132 0.0749985 0.096984 0.117243 0.134029 0.145554 0.15
0 0.0044855 0.0160592 0.0328539 0.053077 0.0749985 0.0969201 0.117144 0.133939 0.145514 0.15
0 0.00456483 0.0162158 0.0330158 0.0531763 0.0749987 0.0968211 0.116982 0.133782 0.145434 0.15
0 0.00470789 0.0164554 0.0332376 0.0533035 0.074999 0.0966945 0.116761 0.133543 0.145291 0.15
0 0.00492243 0.0167277 0.0334412 0.0534045 0.0749994 0.0965943 0.116558 0.133272 0.145077 0.15
0 0.00506343 0.0167466 0.0333601 0.0533291 0.0749998 0.0966705 0.11664 0.133253 0.144937 0.15
0 0.0042 0.0156 0.0324 0.0528 0.075 0.0972 0.1176 0.1344 0.1458 0.15
