0 0.288 0.432 0.432 0.288 0
0 0.269433 0.391927 0.391927 0.269434 0
0 0.268625 0.394798 0.394799 0.268621 0
0 0.267532 0.397845 0.397842 0.267525 0
0 0.266978 0.399271 0.399267 0.266969 0
0 0.26677 0.39979 0.39978 0.266752 0
0 0.266718 0.399958 0.399927 0.266667 0
0 0.266742 0.400023 0.399948 0.266605 0
0 0.266826 0.400081 0.399914 0.26651 0
0 0.266978 0.400161 0.399842 0.266353 0
0 0.267169 0.40024 0.399771 0.266161 0
0 0.267217 0.40017 0.399787 0.266142 0
0 0.266537 0.399449 0.400073 0.267015 0
0 0.263715 0.3967 0.400735 0.270682 0
0 0.256083 0.388715 0.400667 0.281312 0
0 0.240055 0.369453 0.393575 0.306101 0 0 0 0 0 0
0 0.213956 0.332554 0.358899 0.294945 0.157825 0.05067 0.018345 0.00668 0.000975 0
0 0.183516 0.289349 0.318114 0.27607 0.185215 0.100925 0.053485 0.02679 0.00967 0
0 0.154767 0.249184 0.281948 0.259901 0.201536 0.13779 0.08842 0.05201 0.02333 0
0 0.13098 0.216153 0.252973 0.246757 0.210732 0.16323 0.11739 0.0762 0.037925 0
0 0.112971 0.190991 0.230972 0.23629 0.215687 0.180498 0.139555 0.096435 0.050815 0
0 0.100195 0.17286 0.214944 0.228239 0.21825 0.192088 0.15567 0.11196 0.06094 0
0 0.0915975 0.16039 0.203714 0.222318 0.219518 0.199763 0.166925 0.12311 0.068245 0
0 0.086081 0.152178 0.196155 0.218166 0.220119 0.204737 0.17448 0.13069 0.073165 0
0 0.08271 0.147004 0.191278 0.215395 0.220389 0.207874 0.179342 0.13557 0.07628 0
0 0.080764 0.143904 0.188277 0.213639 0.220506 0.209788 0.182328 0.13854 0.078125 0
0 0.079721 0.142157 0.18653 0.21259 0.220554 0.210897 0.18407 0.140235 0.079125 0
0 0.079222 0.141253 0.185586 0.212006 0.220573 0.211506 0.185008 0.141115 0.07961 0
0 0.079033 0.140848 0.185131 0.211713 0.220579 0.211806 0.185456 0.141515 0.0798 0
0 0.0790055 0.140719 0.184955 0.211591 0.220581 0.21193 0.185632 0.14164 0.079825 0
0 0.0790525 0.140729 0.184928 0.211562 0.220582 0.21196 0.185658 0.14163 0.07978 0
0 0.079126 0.140799 0.184967 0.211577 0.220582 0.211944 0.185621 0.14156 0.079705 0
0 0.0791995 0.140884 0.185032 0.211609 0.22058 0.211908 0.185553 0.14148 0.079635 0
0 0.079263 0.140963 0.185097 0.211644 0.22058 0.211876 0.18549 0.141395 0.07957 0
0 0.0793125 0.141029 0.185153 0.211676 0.22058 0.211841 0.185434 0.14133 0.07952 0
0 0.079349 0.141079 0.185198 0.211702 0.22058 0.211814 0.185388 0.141285 0.079485 0
0 0.0793745 0.141116 0.185231 0.211721 0.220579 0.211795 0.185355 0.141245 0.07946 0
0 0.0793915 0.141141 0.185254 0.211735 0.22058 0.211781 0.185335 0.14122 0.07944 0
0 0.0794025 0.141158 0.18527 0.211744 0.220579 0.211772 0.185319 0.141205 0.07943 0
0 0.0794095 0.141168 0.18528 0.21175 0.22058 0.211768 0.185307 0.14119 0.079425 0
0 0.0794135 0.141175 0.185286 0.211753 0.220579 0.211762 0.185302 0.14119 0.07942 0
0 0.0794155 0.141178 0.18529 0.211756 0.220578 0.211761 0.185296 0.141185 0.07942 0
0 0.0794165 0.14118 0.185292 0.211757 0.220578 0.211757 0.185293 0.141185 0.07942 0
0 0.079417 0.141181 0.185293 0.211758 0.220578 0.211756 0.185292 0.141185 0.07942 0
0 0.079417 0.141181 0.185293 0.211757 0.220578 0.211756 0.185292 0.141185 0.07942 0
0 0.079417 0.141181 0.185293 0.211757 0.220578 0.211756 0.185292 0.141185 0.07942 0
0 0.079417 0.141181 0.185293 0.211757 0.220578 0.211756 0.185292 0.141185 0.07942 0
0 0.0794165 0.141181 0.185293 0.211758 0.220578 0.211756 0.185292 0.141185 0.07942 0
0 0.0794165 0.141181 0.185293 0.211757 0.220578 0.211756 0.185293 0.141185 0.07942 0
0 0.0794165 0.141181 0.185293 0.211757 0.220578 0.211756 0.185293 0.141185 0.07942 0
0 0.0794165 0.141181 0.185292 0.211757 0.220578 0.211757 0.185293 0.141185 0.07942 0
0 0.079416 0.141181 0.185293 0.211757 0.220578 0.211757 0.185293 0.141185 0.07942 0
0 0.079416 0.14118 0.185293 0.211757 0.220578 0.211757 0.185294 0.141185 0.07942 0
0 0.079416 0.14118 0.185293 0.211757 0.220578 0.211757 0.185294 0.141185 0.07942 0
0 0.079416 0.14118 0.185292 0.211757 0.220578 0.211757 0.185294 0.141185 0.07942 0
0 0.079416 0.14118 0.185292 0.211757 0.220578 0.211757 0.185294 0.141185 0.07942 0
0 0.079416 0.14118 0.185292 0.211757 0.220578 0.211757 0.185294 0.141185 0.07942 0
0 0.079416 0.14118 0.185292 0.211757 0.220578 0.211757 0.185294 0.141185 0.07942 0
0 0.079416 0.14118 0.185292 0.211757 0.220578 0.211757 0.185294 0.141185 0.07942 0
0 0.079416 0.14118 0.185292 0.211757 0.220578 0.211757 0.185294 0.141185 0.07942 0
0 0.079416 0.14118 0.185292 0.211757 0.220578 0.211757 0.185294 0.141185 0.07942 0
0 0.079416 0.14118 0.185292 0.211757 0.220578 0.211757 0.185294 0.141185 0.07942 0
0 0.079416 0.14118 0.185292 0.211757 0.220578 0.211757 0.185294 0.141185 0.07942 0
0 0.079416 0.14118 0.185292 0.211757 0.220578 0.211757 0.185294 0.141185 0.07942 0
0 0.079416 0.14118 0.185292 0.211757 0.220578 0.211757 0.185294 0.141185 0.07942 0
0 0.079416 0.14118 0.185292 0.211757 0.220578 0.211757 0.185294 0.141185 0.07942 0
0 0.079416 0.14118 0.185292 0.211757 0.220578 0.211757 0.185294 0.141185 0.07942 0
0 0.079416 0.14118 0.185292 0.211757 0.220578 0.211757 0.185294 0.141185 0.07942 0
0 0.079416 0.14118 0.185292 0.211757 0.220578 0.211757 0.185294 0.141185 0.07942 0
0 0.079416 0.14118 0.185293 0.211757 0.220578 0.211757 0.185294 0.141185 0.07942 0
0 0.079416 0.14118 0.185293 0.211757 0.220578 0.211757 0.185294 0.141185 0.07942 0
0 0.079416 0.14118 0.185293 0.211757 0.220578 0.211757 0.185294 0.141185 0.07942 0
0 0.079416 0.14118 0.185293 0.211757 0.220578 0.211757 0.185293 0.141185 0.07942 0
0 0.079416 0.14118 0.185293 0.211757 0.220578 0.211757 0.185293 0.141185 0.07942 0
0 0.079416 0.14118 0.185293 0.211757 0.220578 0.211757 0.185293 0.141185 0.07942 0
0 0.079416 0.14118 0.185292 0.211757 0.220579 0.211757 0.185293 0.141185 0.07942 0
0 0.0794155 0.14118 0.185293 0.211758 0.220579 0.211757 0.185293 0.141185 0.07942 0
0 0.0794155 0.14118 0.185293 0.211758 0.220578 0.211757 0.185293 0.141185 0.07942 0
0 0.079416 0.141181 0.185293 0.211756 0.220576 0.211757 0.185294 0.141185 0.07942 0
0 0.0794185 0.141185 0.185294 0.211752 0.22057 0.211753 0.185298 0.14119 0.07942 0
0 0.0794265 0.141195 0.185294 0.21174 0.220552 0.211743 0.185298 0.141195 0.07943 0
0 0.0794485 0.141218 0.185293 0.211709 0.220509 0.211709 0.1853 0.141225 0.07945 0
0 0.0795 0.141267 0.185287 0.211641 0.220414 0.211646 0.185293 0.14127 0.079505 0
0 0.0796145 0.141365 0.185268 0.211499 0.220221 0.211501 0.185276 0.14137 0.07962 0
0 0.0798485 0.141545 0.185218 0.211221 0.219854 0.211223 0.185225 0.141555 0.079855 0
0 0.080296 0.141842 0.185089 0.210723 0.219215 0.210728 0.185095 0.14185 0.080305 0
0 0.081079 0.142255 0.184803 0.209915 0.218224 0.209917 0.184805 0.14226 0.08109 0
0 0.082277 0.142649 0.18424 0.208807 0.216955 0.20881 0.184242 0.14265 0.082285 0
0 0.0836385 0.142594 0.183384 0.207791 0.215949 0.207793 0.183389 0.142595 0.08364 0
0 0.083733 0.141483 0.182912 0.208199 0.216707 0.208201 0.182913 0.141485 0.083735 0
0 0.081 0.144 0.189 0.216 0.225 0.216 0.189 0.144 0.081 0
