0 0 0 0 0 0
0 0.0085805 0.0046255 -0.004621 -0.008575 0
0 -0.0040085 -0.0019005 0.001909 0.004015 0
0 -0.0028205 -0.0016475 0.001652 0.00282 0
0 -0.001172 -0.000762 0.000773 0.001175 0
0 -0.000385 -0.0002595 0.000302 0.0004 0
0 -8.65e-05 -2.85e-05 0.000147 0.00014 0
0 3.4e-05 0.0001075 0.000157 9.5e-05 0
0 0.0001145 0.000236 0.0002515 0.00013 0
0 0.00019 0.000343 0.000349 0.0002 0
0 0.0002015 0.0002395 0.000211 0.000185 0
0 -6.35e-05 -0.000632 -0.0008545 -0.00033 0
0 -0.0010705 -0.0035025 -0.00454 -0.002555 0
0 -0.0035625 -0.010454 -0.014297 -0.00986 0
0 -0.008172 -0.02366 -0.035419 -0.03082 0
0 -0.0142715 -0.0421265 -0.0704325 -0.083895 0 0 0 0 0 0
0 -0.018919 -0.056539 -0.0990235 -0.132 -0.129055 -0.063155 -0.02813 -0.00967 -0.00134 0
0 -0.0197667 -0.05919 -0.103136 -0.136141 -0.13818 -0.09243 -0.05106 -0.022355 -0.00573 0
0 -0.017457 -0.052536 -0.0906525 -0.117677 -0.119965 -0.09216 -0.05766 -0.028255 -0.00825 0
0 -0.0137278 -0.0417955 -0.0719215 -0.092771 -0.095533 -0.07862 -0.052825 -0.027485 -0.0084 0
0 -0.00993175 -0.0307845 -0.0532255 -0.0688135 -0.0717435 -0.061295 -0.042885 -0.023015 -0.007125 0
0 -0.00673785 -0.0213735 -0.0373385 -0.0486315 -0.05131 -0.0448 -0.032045 -0.01743 -0.00537 0
0 -0.0043283 -0.0141145 -0.0250105 -0.0329035 -0.035084 -0.031035 -0.022435 -0.012225 -0.003705 0
0 -0.00263755 -0.0088875 -0.016023 -0.0213235 -0.022946 -0.020452 -0.014835 -0.008035 -0.002375 0
0 -0.00151495 -0.005317 -0.009788 -0.0131955 -0.014315 -0.012808 -0.009265 -0.00496 -0.001415 0
0 -0.00080545 -0.002989 -0.005653 -0.0077375 -0.008458 -0.007573 -0.005435 -0.002845 -0.00077 0
0 -0.0003796 -0.001542 -0.003031 -0.004232 -0.0046635 -0.0041655 -0.002945 -0.001485 -0.00037 0
0 -0.00013925 -0.000688 -0.001448 -0.002087 -0.0023245 -0.0020615 -0.001415 -0.000675 -0.000135 0
0 -1.45e-05 -0.0002165 -0.0005485 -0.0008475 -0.0009635 -0.000839 -0.00054 -0.000215 -1.5e-05 0
0 4.2e-05 1.95e-05 -7.7e-05 -0.000184 -0.0002285 -0.000182 -7.5e-05 2e-05 4e-05 0
0 6.055e-05 0.0001205 0.00014 0.000132 0.0001255 0.000132 0.00014 0.00012 6e-05 0
0 5.975e-05 0.000147 0.0002145 0.000251 0.0002615 0.00025 0.00021 0.000145 6e-05 0
0 5.075e-05 0.000137 0.0002155 0.000267 0.000283 0.0002655 0.000215 0.000135 5e-05 0
0 3.95e-05 0.000113 0.000185 0.000235 0.000252 0.0002345 0.000185 0.000115 3.5e-05 0
0 2.89e-05 8.6e-05 0.000145 0.000187 0.0002025 0.000187 0.00014 8.5e-05 3e-05 0
0 2.015e-05 6.2e-05 0.0001065 0.0001395 0.0001515 0.000139 0.000105 6e-05 2e-05 0
0 1.35e-05 4.25e-05 7.5e-05 9.85e-05 0.0001075 9.85e-05 7.5e-05 4.5e-05 1e-05 0
0 8.6e-06 2.8e-05 5.05e-05 6.7e-05 7.3e-05 6.65e-05 5e-05 3e-05 1e-05 0
0 5.2e-06 1.8e-05 3.25e-05 4.35e-05 4.75e-05 4.3e-05 3.5e-05 1.5e-05 5e-06 0
0 3e-06 1.1e-05 2e-05 2.7e-05 2.95e-05 2.7e-05 2e-05 1e-05 5e-06 0
0 1.6e-06 6e-06 1.15e-05 1.65e-05 1.75e-05 1.55e-05 1e-05 5e-06 5e-06 0
0 8e-07 3e-06 6e-06 9e-06 1e-05 8.5e-06 5e-06 0 0 0
0 3e-07 1.5e-06 3e-06 4.5e-06 5e-06 4e-06 0 0 0 0
0 0 5e-07 1.5e-06 2e-06 2e-06 1.5e-06 0 0 0 0
0 -1e-07 0 5e-07 5e-07 5e-07 5e-07 0 0 0 0
0 -1.5e-07 0 0 -5e-07 0 -5e-07 0 0 0 0
0 -1.5e-07 -5e-07 -5e-07 -5e-07 -5e-07 -5e-07 0 0 0 0
0 -1e-07 -5e-07 -5e-07 -5e-07 -1e-06 -5e-07 0 0 0 0
0 -1e-07 0 -5e-07 -5e-07 -5e-07 -1e-06 0 0 0 0
0 -1e-07 0 -5e-07 -5e-07 -5e-07 -5e-07 0 0 0 0
0 -1e-07 -5e-07 0 -5e-07 -5e-07 0 0 0 0 0
0 -5e-08 -5e-07 -5e-07 0 0 -5e-07 0 0 0 0
0 0 0 -5e-07 0 -5e-07 -5e-07 0 0 0 0
0 0 0 0 -5e-07 -5e-07 0 0 0 0 0
0 0 0 0 -5e-07 0 0 0 0 0 0
0 0 0 0 0 0 0 0 0 0 0
0 0 0 0 0 0 0 0 0 0 0
0 -5e-08 0 0 0 0 0 0 0 0 0
0 -5e-08 0 0 0 0 0 0 0 0 0
0 5e-08 0 0 0 0 0 0 0 0 0
0 5e-08 0 0 0 0 0 0 0 0 0
0 0 0 0 0 0 0 0 0 0 0
0 0 0 0 0 0 0 0 0 0 0
0 0 0 0 0 0 0 0 0 0 0
0 0 0 0 0 0 0 0 0 0 0
0 0 0 0 0 0 0 0 0 0 0
0 0 0 0 0 0 0 0 0 0 0
0 0 0 0 0 0 0 0 0 0 0
0 0 0 0 5e-07 0 0 0 0 0 0
0 5e-08 0 0 5e-07 0 0 0 0 0 0
0 5e-08 0 0 0 0 0 0 0 0 0
0 -5e-08 0 0 0 5e-07 5e-07 0 0 0 0
0 -5e-08 0 0 0 5e-07 5e-07 0 0 0 0
0 -5e-08 0 0 0 0 0 0 0 0 0
0 -1.5e-07 0 0 -5e-07 0 5e-07 0 0 0 0
0 -3e-07 -5e-07 -5e-07 -5e-07 0 5e-07 0 0 0 0
0 -4e-07 -5e-07 -5e-07 0 0 -5e-07 0 0 0 0
0 -3.5e-07 5e-07 1e-06 1e-06 -5e-07 -1.5e-06 0 0 0 0
0 3e-07 3e-06 5e-06 4e-06 -1e-06 -4.5e-06 -5e-06 0 0 0
0 2.55e-06 1.05e-05 1.6e-05 1.1e-05 -1e-06 -1.35e-05 -1.5e-05 -1e-05 -5e-06 0
0 8.9e-06 3e-05 4.15e-05 2.9e-05 -1.5e-06 -3.2e-05 -4.5e-05 -3e-05 -1e-05 0
0 2.48e-05 7.35e-05 9.65e-05 6.7e-05 -2e-06 -7.05e-05 -0.0001 -7.5e-05 -2.5e-05 0
0 6.11e-05 0.000166 0.000208 0.0001415 -2e-06 -0.000146 -0.00021 -0.00017 -6.5e-05 0
0 0.00013915 0.0003485 0.0004175 0.0002785 -2e-06 -0.000282 -0.000425 -0.00035 -0.00014 0
0 0.0002975 0.0006815 0.000775 0.000502 -1e-06 -0.000504 -0.000775 -0.000685 -0.000295 0
0 0.0005981 0.0012305 0.001308 0.0008155 1e-06 -0.0008145 -0.001305 -0.001235 -0.0006 0
0 0.00111195 0.001981 0.0019185 0.0011325 2.5e-06 -0.001128 -0.001915 -0.00198 -0.001115 0
0 0.001788 0.0025595 0.002127 0.001141 3.5e-06 -0.001134 -0.00212 -0.00255 -0.001785 0
0 0.0017777 0.001456 0.0006125 0.000128 4e-06 -0.00012 -0.000605 -0.00145 -0.00177 0
0 -0.00361215 -0.0056385 -0.005206 -0.0030225 3e-06 0.0030285 0.00521 0.00564 0.003615 0
0 0 0 0 0 0 0 0 0 0 0
