-3.12 -0.42554 -0.21732 0.21736 0.4256 3.12
-3.54554 -1.58919 -0.481977 0.481872 1.58897 3.5456
-3.46322 -1.91144 -0.608445 0.608515 1.91158 3.463
-3.3852 -1.98704 -0.651576 0.65165 1.98715 3.385
-3.3504 -2.00054 -0.663637 0.663573 2.00047 3.3502
-3.33832 -2.00146 -0.666425 0.666169 2.00114 3.338
-3.335 -2.00095 -0.66692 0.666496 2.00024 3.3342
-3.33486 -2.0008 -0.666864 0.666539 1.99949 3.3324
-3.33636 -2.00096 -0.666281 0.667087 1.99901 3.3304
-3.33944 -2.00083 -0.664324 0.669151 1.99923 3.3272
-3.34396 -1.99894 -0.659131 0.674805 2.002 3.3224
-3.3475 -1.99205 -0.647611 0.687695 2.01222 3.3198
-3.34142 -1.97397 -0.626103 0.71228 2.04008 3.3356
-3.30468 -1.93513 -0.593894 0.748657 2.10249 3.422
-3.19892 -1.86506 -0.561954 0.773991 2.20476 3.73
-2.9778 -1.75897 -0.563254 0.699368 2.22011 4.6548 0.7728 0.2452 0.039 -0.022 -0
-2.62806 -1.62245 -0.634054 0.34872 1.29417 1.96651 0.975866 0.478227 0.226907 0.0903646 -0.022
-2.22104 -1.46095 -0.70118 0.0196192 0.622549 0.941628 0.712769 0.472587 0.301975 0.178922 0.0536
-1.83739 -1.29245 -0.729659 -0.202064 0.22278 0.463812 0.472707 0.40482 0.332736 0.270883 0.2072
-1.52276 -1.13691 -0.722198 -0.327182 -0.000968511 0.215513 0.313256 0.345899 0.356538 0.366307 0.3836
-1.28828 -1.00699 -0.6939 -0.386871 -0.120054 0.0831213 0.219701 0.311635 0.383968 0.455981 0.5432
-1.12549 -0.906447 -0.658411 -0.408069 -0.178622 0.0150628 0.170694 0.298569 0.413942 0.532185 0.6686
-1.01876 -0.833343 -0.624285 -0.409144 -0.203263 -0.0164618 0.149192 0.299062 0.442793 0.591719 0.758
-0.952358 -0.782909 -0.595596 -0.401321 -0.209885 -0.0277725 0.143359 0.306488 0.467771 0.635069 0.8168
-0.913262 -0.749735 -0.573431 -0.39077 -0.207809 -0.0286511 0.145481 0.316287 0.487691 0.664815 0.853
-0.89176 -0.728909 -0.557339 -0.380605 -0.202263 -0.024834 0.15088 0.32587 0.50255 0.684049 0.8734
-0.881044 -0.716491 -0.546241 -0.372101 -0.196037 -0.0195154 0.15698 0.334021 0.513027 0.695775 0.8838
-0.876576 -0.709543 -0.53894 -0.365571 -0.190438 -0.0143212 0.162511 0.340369 0.520038 0.70244 0.8882
-0.875474 -0.705988 -0.534364 -0.360868 -0.185941 -0.00995062 0.166976 0.344989 0.524487 0.705867 0.8892
-0.875996 -0.704425 -0.531651 -0.357663 -0.182585 -0.00659083 0.170295 0.348158 0.527158 0.707408 0.8888
-0.877154 -0.703948 -0.53014 -0.355571 -0.180233 -0.00416808 0.17264 0.350224 0.528646 0.707847 0.8876
-0.878418 -0.704025 -0.529369 -0.354266 -0.178661 -0.00251489 0.1742 0.35151 0.529403 0.707768 0.8864
-0.879544 -0.70433 -0.529029 -0.353494 -0.177648 -0.00143353 0.175197 0.352269 0.529728 0.707451 0.8852
-0.880448 -0.704691 -0.528928 -0.353067 -0.17703 -0.000757615 0.175811 0.352691 0.529826 0.707114 0.8844
-0.881124 -0.705023 -0.528946 -0.352855 -0.176681 -0.000357763 0.176166 0.352903 0.529807 0.706802 0.8838
-0.881604 -0.705295 -0.529015 -0.352766 -0.176495 -0.000134926 0.176356 0.352991 0.529735 0.706525 0.8832
-0.88193 -0.7055 -0.529095 -0.352743 -0.176403 -1.96377e-05 0.176446 0.353013 0.529653 0.706327 0.883
-0.882144 -0.705646 -0.529169 -0.352751 -0.176365 3.28902e-05 0.176481 0.353002 0.529577 0.706166 0.8828
-0.882274 -0.705748 -0.52923 -0.352772 -0.176355 5.10304e-05 0.176486 0.352979 0.529518 0.706082 0.8826
-0.882352 -0.705816 -0.529277 -0.352795 -0.176359 5.15864e-05 0.176478 0.352953 0.529471 0.706007 0.8826
-0.882394 -0.705859 -0.52931 -0.352815 -0.176368 4.45447e-05 0.176465 0.352928 0.529428 0.705951 0.8824
-0.882416 -0.705885 -0.529332 -0.352831 -0.176378 3.53169e-05 0.176451 0.352908 0.529402 0.705928 0.8824
-0.882426 -0.7059 -0.529347 -0.352843 -0.176386 2.67664e-05 0.17644 0.352894 0.529386 0.705916 0.8824
-0.882428 -0.705908 -0.529356 -0.352852 -0.176394 1.9315e-05 0.176431 0.352884 0.529376 0.705908 0.8824
-0.882426 -0.705912 -0.529362 -0.352858 -0.1764 1.3504e-05 0.176425 0.352877 0.52937 0.705904 0.8824
-0.882424 -0.705914 -0.529365 -0.352862 -0.176404 9.09288e-06 0.17642 0.352872 0.529366 0.705901 0.8824
-0.88242 -0.705915 -0.529367 -0.352865 -0.176407 5.98667e-06 0.176417 0.352869 0.529363 0.7059 0.8824
-0.882418 -0.705914 -0.529368 -0.352866 -0.176409 3.83555e-06 0.176415 0.352867 0.529361 0.705899 0.8824
-0.882416 -0.705913 -0.529369 -0.352867 -0.17641 2.289e-06 0.176413 0.352865 0.52936 0.705899 0.8824
-0.882414 -0.705912 -0.529369 -0.352868 -0.176411 1.26824e-06 0.176412 0.352864 0.52936 0.7059 0.8824
-0.882412 -0.705912 -0.529369 -0.352869 -0.176412 7.11575e-07 0.176412 0.352864 0.52936 0.7059 0.8824
-0.88241 -0.705911 -0.529369 -0.352869 -0.176413 4.76362e-07 0.176412 0.352864 0.52936 0.7059 0.8824
-0.88241 -0.705911 -0.529369 -0.352869 -0.176413 2.9698e-07 0.176412 0.352864 0.52936 0.7059 0.8824
-0.88241 -0.705911 -0.529369 -0.352869 -0.176413 -5.47047e-08 0.176411 0.352864 0.52936 0.7059 0.8824
-0.88241 -0.705911 -0.529368 -0.352869 -0.176413 -1.91649e-07 0.176411 0.352864 0.52936 0.7059 0.8824
-0.88241 -0.705911 -0.529368 -0.352869 -0.176413 -2.57803e-07 0.176411 0.352864 0.52936 0.7059 0.8824
-0.88241 -0.705911 -0.529368 -0.352869 -0.176413 -3.01318e-07 0.176411 0.352864 0.52936 0.705901 0.8824
-0.88241 -0.705911 -0.529368 -0.352869 -0.176413 -3.41202e-07 0.176411 0.352864 0.52936 0.705901 0.8824
-0.882408 -0.705911 -0.529369 -0.352869 -0.176413 -3.96581e-07 0.176411 0.352864 0.52936 0.705901 0.8824
-0.882408 -0.705911 -0.529369 -0.352869 -0.176413 -5.38663e-07 0.176411 0.352864 0.52936 0.7059 0.8824
-0.88241 -0.705911 -0.529369 -0.352869 -0.176413 -9.04141e-07 0.17641 0.352863 0.52936 0.7059 0.8824
-0.88241 -0.705911 -0.529369 -0.352869 -0.176413 -1.03769e-06 0.17641 0.352863 0.52936 0.7059 0.8824
-0.88241 -0.705911 -0.529369 -0.35287 -0.176414 -1.1343e-06 0.17641 0.352863 0.52936 0.7059 0.8824
-0.88241 -0.705911 -0.529369 -0.35287 -0.176414 -1.19085e-06 0.17641 0.352863 0.52936 0.7059 0.8824
-0.88241 -0.705911 -0.529369 -0.35287 -0.176414 -1.23627e-06 0.17641 0.352863 0.52936 0.705901 0.8824
-0.88241 -0.705911 -0.529369 -0.35287 -0.176414 -1.27037e-06 0.17641 0.352863 0.52936 0.705901 0.8824
-0.88241 -0.705911 -0.529369 -0.35287 -0.176414 -1.34827e-06 0.17641 0.352863 0.52936 0.7059 0.8824
-0.88241 -0.705912 -0.52937 -0.35287 -0.176414 -1.49011e-06 0.17641 0.352863 0.52936 0.705899 0.8824
-0.88241 -0.705912 -0.52937 -0.35287 -0.176414 -1.54798e-06 0.17641 0.352863 0.52936 0.7059 0.8824
-0.88241 -0.705912 -0.52937 -0.35287 -0.176414 -1.57383e-06 0.17641 0.352863 0.52936 0.7059 0.8824
-0.882412 -0.705912 -0.52937 -0.35287 -0.176414 -1.58677e-06 0.17641 0.352863 0.52936 0.7059 0.8824
-0.882412 -0.705912 -0.52937 -0.35287 -0.176414 -1.58116e-06 0.17641 0.352863 0.52936 0.7059 0.8824
-0.88241 -0.705912 -0.52937 -0.35287 -0.176414 -1.52265e-06 0.17641 0.352863 0.52936 0.7059 0.8824
-0.88241 -0.705912 -0.52937 -0.352871 -0.176415 -1.3486e-06 0.176411 0.352864 0.529361 0.7059 0.8824
-0.882408 -0.705911 -0.529371 -0.352872 -0.176416 -1.11216e-06 0.176412 0.352866 0.529362 0.7059 0.8824
-0.882404 -0.705911 -0.529374 -0.352875 -0.176417 -7.87756e-07 0.176415 0.35287 0.529366 0.705901 0.8824
-0.882396 -0.705912 -0.52938 -0.352882 -0.176421 -7.31449e-07 0.176419 0.352878 0.529374 0.705906 0.8824
-0.882388 -0.70592 -0.529394 -0.352895 -0.176429 -8.34065e-07 0.176427 0.352892 0.529391 0.705917 0.8824
-0.882382 -0.705943 -0.529424 -0.352919 -0.176442 -1.39489e-06 0.176439 0.352917 0.529423 0.705944 0.8824
-0.8824 -0.706001 -0.529483 -0.35296 -0.176462 -2.43461e-06 0.176457 0.352958 0.529486 0.706007 0.8824
-0.882484 -0.706138 -0.529593 -0.353021 -0.176485 -4.54733e-06 0.176477 0.353018 0.529603 0.706173 0.8826
-0.882756 -0.706434 -0.529778 -0.353089 -0.176495 -8.49371e-06 0.17648 0.35308 0.529784 0.70646 0.8828
-0.883476 -0.70703 -0.530044 -0.353101 -0.176437 -1.44541e-05 0.176411 0.353083 0.530047 0.707073 0.8836
-0.8852 -0.708146 -0.530318 -0.352869 -0.176171 -2.13035e-05 0.176131 0.352835 0.530307 0.70817 0.8854
-0.889042 -0.710036 -0.530261 -0.3519 -0.175373 -2.63393e-05 0.17532 0.351847 0.530234 0.710074 0.8892
-0.8971 -0.712722 -0.52882 -0.349064 -0.17338 -2.25454e-05 0.17332 0.348992 0.528768 0.712739 0.8972
-0.912966 -0.714989 -0.523197 -0.342027 -0.168985 -1.81818e-05 0.168926 0.341946 0.523131 0.715016 0.9132
-0.941578 -0.711108 -0.506741 -0.326554 -0.16034 -1.0315e-05 0.160298 0.326488 0.506677 0.711105 0.9418
-0.984486 -0.680928 -0.465496 -0.29652 -0.14551 -1.0636e-07 0.145507 0.296507 0.465481 0.68093 0.9846
-1.01269 -0.561535 -0.376469 -0.247638 -0.124797 1.13561e-05 0.124841 0.247688 0.376551 0.561558 1.0126
-0.84 -0.172686 -0.22932 -0.19202 -0.10582 4e-05 0.1059 0.192 0.2294 0.1726 0.84
