0
1.75e-05
6.999999846875007e-05
0.00015749998775000182
0.00027999994793751875
0.00043749984075011313
0.0006299996034067388
0.0008574991425016811
0.0011199983278798978
0.0014174969865125744
0.0017499948963729715
0.0021174917803126526
0.0025199872999381923
0.0029574810494884763
0.003429972549712719
0.00393746124174933
0.004479946481005786
0.0050574275310396495
0.005669903557440929
0.006317373621715943
0.006999836675172891
0.007717291552809341
0.008469736967201836
0.009257171502397873
0.010079593607810473
0.01093700159211561
0.01182939361715275
0.012756767691828791
0.013719121666025689
0.014716453224512047
0.01574875988085902
0.01681603897136081
0.017918287648960134
0.01905550287717897
0.020227681424054962
0.021434819856083837
0.02267691453216823
0.023953961597573303
0.025265956977889543
0.026612896373003188
0.02799477525107466
0.029411588842525503
0.030863332134034197
0.03234999986254138
0.0338715865092649
0.035428086293725194
0.037019493167781484
0.03864580080967929
0.0403070026181098
0.04200309170628155
0.04373406089600505
0.045499902711790795
0.04730060937496129
0.049136172797777676
0.05100658457758141
0.05291183599095171
0.05485191798787934
0.0568268211859573
0.05883653586458901
0.06088105195921476
0.06296035905555691
0.06507444638388452
0.06722330281329811
0.06940691684603527
0.07162527661179757
0.07387836986209971
0.07616618396464146
0.07848870589770314
0.08084592224456531
0.08323781918795348
0.08566438250450836
0.08812559755928275
0.09062144930026536
0.09315192225293276
0.09571700051482979
0.09831666775017965
0.10095090718452403
0.10361970159939428
0.10632303332701447
0.1090608842450369
0.11183323577131116
0.11464006885868722
0.11748136398985372
0.12035710117221199
0.12326725993278678
0.12621181931317454
0.12919075786453
0.132204053642592
0.1352516842027493
0.13833362659514747
0.1414498573598373
0.1446003525219661
0.14778508758701234
0.15100403753606478
0.15425717682114684
0.15754447936058705
0.1608659185344366
0.1642214671799349
0.1676110975870238
0.17103478149391155
0.1744924900826875
0.17798419397498816
0.18150986322771573
0.18506946732881
0.18866297519307434
0.19229035515805695
0.195951574979988
0.19964660182977378
0.20337540228904882
0.20713794234628644
0.21093418739296924
0.21476410221982006
0.2186276510130943
0.22252479735093478
0.2264555041997897
0.23041973391089487
0.234417448216821
0.2384486082280869
0.24251317442983944
0.24661110667860148
0.25074236419908813
0.25490690558109286
0.2591046887764435
0.2633356710960299
0.2675998092069036
0.2718970591294504
0.27622737623463656
0.28059071524133017
0.28498703021369765
0.28941627455867663
0.29387840102352625
0.298373361693455
0.30290110798932807
0.3074615906654536
0.31205475980744984
0.3166805648301933
0.3213389544758489
0.3260298768119831
0.33075327922976006
0.3355091084422227
0.3402973104826582
0.3451178307030497
0.3499706137726139
0.35485560367642655
0.35977274371413503
0.36472197649876015
0.3697032439555865
0.3747164873211433
0.37976164714227534
0.3848386632753049
0.3899474748852861
0.3950880204453507
0.4002602377361477
0.40546406384537587
0.41069943516741036
0.4159662874030242
0.4212645555592047
0.4265941739490656
0.43195507619185525
0.43734719521306126
0.44277046324461256
0.4482248118251786
0.4537101718005666
0.459226473324217
0.46477364585779785
0.4703516181718979
0.4759603183468194
0.48159967377347046
0.48726961115435746
0.49297005650467784
0.4987009351535134
0.5044621717451244
0.510253690240345
0.5160754139180792
0.5219272653768996
0.5278091665367461
0.5337210386407277
0.5396628022570251
0.5456343772808963
0.5516356829367831
0.557666637780521
0.5637271597016494
0.5698171659258262
0.5759365730173421
0.5820852968817387
0.5882632527685276
0.5944703552740122
0.60070651834421
0.6069716552778782
0.6132656787296393
0.6195885007132086
0.6259400326047228
0.6323201851461694
0.6387288684489165
0.6451659919973431
0.6516314646525692
0.6581251946562853
0.664647089634682
0.6711970566024776
0.6777750019670448
0.6843808315326346
0.691014450504699
0.6976757634943097
0.7043646745226742
0.7110810870257469
0.7178249038589372
0.7245960273019108
0.7313943590634866
0.7382198002866268
0.7450722515535195
0.7519516128907543
0.7588577837745891
0.7657906631363081
0.7727501493676688
0.7797361403264401
0.7867485333420271
0.7937872252211846
0.8008521122538171
0.8079430902188646
0.8150600543902732
0.8222028995430505
0.8293715199594031
0.8365658094349568
0.8437856612850582
0.8510309683511553
0.8583016230072585
0.8655975171664786
0.8729185422876415
0.88026458938198
0.8876355490198985
0.8950313113378123
0.9024517660450591
0.9098968024308806
0.9173663093714753
0.9248601753371191
0.9323782883993528
0.939920536238237
0.9474868061496708
0.9550769850527738
0.9626909594973307
0.9703286156712966
0.9779898394083609
0.9856745161955707
0.9933825311810087
1.0011137691815282
1.0088681146905403
1.016645451885854
1.0244456646375677
1.0322686365160074
1.0401142507997163
1.0479823904834875
1.055872938286443
1.0637857766601553
1.0717207877968111
1.0796778536374143
1.0876568558800275
1.0956576759880505
1.1036801951985349
1.1117242945305303
1.1197898547934646
1.1278767565955525
1.1359848803522352
1.1441141062946445
1.1522643144780942
1.1604353847905944
1.1686271969613877
1.1768396305695066
1.1850725650523477
1.1933258797142656
1.2015994537351795
1.209893166179195
1.2182068960032364
1.2265405220656909
1.2348939231350593
1.2432669778986154
1.2516595649710685
1.2600715629032304
1.2685028501906839
1.2769533052824502
1.2854228065896565
1.2939112324941973
1.302418461357393
1.3109443715286397
1.3194888413540513
1.3280517491850912
1.336632973387191
1.3452323923483567
1.353849884487759
1.362485328264306
1.3711386021851975
1.379809584814459
1.3884981547814532
1.3972041907893686
1.405927571623681
1.4146681761605895
1.4234258833754234
1.4322005723510187
1.440992122286063
1.4498004125034065
1.4586253224583379
1.4674667317468246
1.4763245201137138
1.4851985674608947
1.4940887538554186
1.5029949595375767
1.5119170649289337
1.5208549506403166
1.5298084974797541
1.5387775864603697
1.5477620988082232
1.556761915970102
1.5657769196212583
1.5748069916730927
1.5838520142807826
1.5929118698508526
1.6019864410486881
1.6110756108059876
1.6201792623281555
1.6292972791016322
1.6384295449011614
1.6475759437969917
1.6567363601620138
1.66591067867883
1.6750987843467553
1.68430056248875
1.6935158987582815
1.7027446791461147
1.71198678998703
1.7212421179664676
1.7305105501270976
1.739791973875314
1.7490862769876523
1.75839334761713
1.7677130742995089
1.7770453459594762
1.7863900519167482
1.7957470818920913
1.8051163260132617
1.8144976748208614
1.823891019274113
1.8332962507565473
1.8427132610816102
1.8521419424981789
1.8615821876959968
1.871033889811018
1.880496942430666
1.8899712395990038
1.8994566758218163
1.908953146071602
1.918460545792476
1.9279787709049823
1.9375077178108169
1.9470472833974581
1.956597365042706
1.9661578606191308
1.9757286684984279
1.9853096875556813
1.9949008171735345
2.004501957246267
2.014113008183779
2.0237338709154815
2.0333644468940935
2.043004638099345
2.0526543470415866
2.062313476765303
2.0719819308525347
2.081659613426205
2.0913464291533517
2.1010422832482645
2.1107470814755294
2.120460730152977
2.1301831361545407
2.139914206913013
2.149653850422717
2.1594019752420777
2.169158490496102
2.1789233058787647
2.1886963316553016
2.1984774786644095
2.208266658320352
2.2180637826149763
2.227868764119633
2.2376815159870076
2.24750195195286
2.2573299863376706
2.2671655340481984
2.277008510578946
2.286858832013538
2.2967164150260064
2.306581176881988
2.316453035439835
2.3263319091516363
2.3362177170641494
2.3461103788196485
2.356009814656685
2.3659159454107606
2.3758286925149172
2.385747978000242
2.395673724496286
2.4056058552314035
2.415544294033005
2.425488965327731
2.4354397941415407
2.445396706099725
2.455359627426836
2.465328484946539
2.4753032060813847
2.485283718852506
2.495269951879236
2.5052618343786506
2.515259296165037
2.525262267649284
2.5352706798382054
2.5452844643337835
2.5553035533323456
2.565327879623667
2.5753573765900057
2.5853919782050654
2.5954316190328925
2.605476234226705
2.6155257595276535
2.6255801312635185
2.6356392863473412
2.6457031622759923
2.6557716971286762
2.6658448295653745
2.6759224988252286
2.6860046447248607
2.696091207656638
2.706182128586878
2.7162773490539953
2.7263768111665945
2.7364804576015063
2.7465882316017707
2.7567000769745666
2.766815938089089
2.776935759874374
2.7870594878170767
2.797187067959196
2.8073184468957555
2.817453571772433
2.827592390283146
2.837734850667593
2.8478809017087485
2.858030492730316
2.8681835735941377
2.878340094697565
2.888500006970788
2.8986632618741237
2.9088298113952695
2.9189996080465175
2.9291726048619324
2.9393487553944952
2.949528013713212
2.959710334400189
2.969895672547678
2.9800839837550868
2.9902752241259605
3.0004693502649356
3.010666319274663
3.0208660887527055
3.0310686167884064
3.0412738619597355
3.0514817833301078
3.061692340445181
3.071905493329627
3.082121202483886
3.092339428880895
3.1025601339628004
3.112783279637647
3.1230088282760544
3.1332367427078704
3.143466986218812
3.1536995225470887
3.1639343158800126
3.174171330850593
3.1844105325341183
3.1946518864447273
3.2048953585319677
3.2151409151773436
3.2253885231908552
3.235638149807528
3.2458897626839334
3.2561433298947047
3.2663988199290435
3.2766562016872216
3.2869154444770787
3.2971765180105144
3.307439392399976
3.3177040381549476
3.327970426178431
3.3382385277634303
3.348508314589434
3.3587797587188954
3.3690528325937175
3.379327509031735
3.3896037612232015
3.399881562727278
3.4101608874685234
3.4204417097333932
3.4307240041667377
3.4410077457683075
3.4512929098892657
3.4615794722287054
3.471867408830173
3.4821566960782007
3.492447310694847
3.5027392297362443
3.5130324305891567
3.5233268909675464
3.533622588909151
3.5439195027720727
3.554217611231375
3.564516893275694
3.5748173282038618
3.5851188956215387
3.595421575437864
3.605725347862115
3.616030193400384
3.6263360928522648
3.6366430273075587
3.6469509781429923
3.6572599270189525
3.6675698558762346
3.6778807469328108
3.688192582680611
3.698505345882322
3.7088190195682054
3.7191335870329305
3.729449031832426
3.7397653377807503
3.7500824889469797
3.760400469652115
3.770719264466008
3.7810388582043046
3.791359235925412
3.801680382927481
3.8120022847454114
3.8223249271478745
3.8326482961343604
3.8429723779322407
3.8532971589938563
3.8636226259936244
3.873948765825166
3.884275565598456
3.894603012636995
3.904931094475
3.9152597988546227
3.925589113723182
3.9359190272304256
3.9462495277258105
3.9565806037558056
3.9669122440612172
3.977244437574539
3.9875771734173218
3.997910440897567
4.008244229507143
4.018578528919228
4.028913328985766
4.039248619734958
4.049584391368769
4.059920634260457
4.07025733895213
4.080594496152326
4.090932096733608
4.101270131730196
4.1116085923356085
4.121947469900337
4.132286755929537
4.142626442080751
4.15296652016164
4.163306982127758
4.1736478200803315
4.183989026264071
4.1943305930650086
4.204672513008348
4.215014778756349
4.225357383106228
4.235700318988085
4.24604357946285
4.2563871577202566
4.266731047076833
4.2770752409739226
4.287419732975719
4.297764516767333
4.308109586152874
4.3184549350535555
4.328800557505829
4.339146447659532
4.34949259977606
4.359839008226565
4.3701856674901745
4.380532572152226
4.390879716902529
4.401227096533652
4.41157470593922
4.421922540112244
4.432270594143467
4.44261886321973
4.452967342622363
4.4633160277255906
4.473664913994966
4.48401399698582
4.494363272341732
4.504712735793022
4.51506238315526
4.525412210327801
4.535762213292333
4.546112388111451
4.5564627309272465
4.566813237959916
4.577163905506391
4.587514729938992
4.597865707704084
4.608216835320776
4.618568109379616
4.62891952654132
4.639271083535508
4.649622777159473
4.659974604276948
4.670326561816908
4.6806786467723835
4.691030856199289
4.701383187215271
4.711735636998575
4.722088202786927
4.732440881876434
4.742793671620496
4.7531465694287425
4.76349957276598
4.7738526791511555
4.784205886156339
4.794559191405718
4.804912592574616
4.81526608738851
4.825619673622083
4.835973349098279
4.846327111687375
4.856680959306073
4.867034889916597
4.8773889015258165
4.887742992184375
4.898097159985837
4.908451403065846
4.918805719601299
4.929160107809538
4.939514565947542
4.949869092311151
4.960223685234287
4.970578343088196
4.9809330642807
4.9912878472554665
5.001642690491284
5.011997592501353
5.02235255183259
5.032707567064941
5.043062636810711
5.053417759713899
5.0637729344495535
5.074128159723126
5.0844834342698535
5.094838756854136
5.105194126268932
5.115549541335168
5.1259050009011515
5.1362605038419975
5.1466160490590696
5.156971635479424
5.167327262055269
5.177682927763432
5.188038631604836
5.198394372603985
5.208750149808467
5.219105962288453
5.229461809136215
5.239817689465648
5.250173602411805
5.2605295471304405
5.270885522797557
5.281241528608966
5.291597563779856
5.301953627544367
5.3123097191551745
5.322665837883083
5.333021983016624
5.343378153861665
5.353734349741025
5.364090569994093
5.374446813976464
5.384803081059574
5.395159370630344
5.405515682090832
5.415872014857893
5.426228368362841
5.436584742051125
5.446941135382007
5.457297547828244
5.4676539788757825
5.478010428023458
5.488366894782693
5.498723378677214
5.509079879242762
5.519436396026818
5.5297929285883285
5.54014947649744
5.550506039335237
5.560862616693486
5.571219208174386
5.581575813390323
5.591932431963629
5.60228906352635
5.612645707720012
5.623002364195398
5.633359032612328
5.643715712639444
5.654072403953997
5.664429106241641
5.674785819196235
5.68514254251964
5.695499275921527
5.705856019119191
5.716212771837364
5.726569533808033
5.736926304770264
5.74728308447003
5.7576398726600395
5.767996669099576
5.77835347355433
5.7887102857962445
5.79906710560336
5.809423932759662
5.819780767054937
5.830137608284621
5.840494456249666
5.850851310756398
5.861208171616384
5.871565038646296
5.88192191166779
5.892278790507374
5.9026356749962865
5.912992564970377
5.923349460269991
5.93370636073985
5.944063266228946
5.954420176590428
5.964777091681497
5.975134011363299
5.98549093550083
5.995847863962829
6.006204796621685
6.016561733353344
6.026918674037211
6.037275618556066
6.047632566795971
6.0579895186461865
6.068346473999088
6.078703432750083
6.0890603947975315
6.0994173600426675
6.109774328389524
6.12013129974486
6.130488274018083
6.140845251121183
6.151202230968664
6.161559213477474
6.171916198566942
6.18227318615871
6.192630176176676
6.20298716854693
6.213344163197696
6.223701160059271
6.2340581590639745
6.24441516014609
6.25477216324181
6.265129168289188
6.2754861752280835
6.285843184000115
6.296200194548612
6.306557206818564
6.31691422075658
6.327271236310841
6.337628253431055
6.347985272068419
6.358342292175572
6.368699313706561
6.379056336616794
6.389413360863011
6.3997703864032385
6.410127413196758
6.42048444120407
6.4308414703868575
6.441198500707955
6.451555532131316
6.461912564621978
6.4722695981460365
6.48262663267061
6.492983668163814
6.503340704594732
6.5136977419333855
6.524054780150712
6.5344118192185325
6.5447688591095305
6.5551258997972255
6.565482941255948
6.575839983460819
6.586197026387722
6.596554070013285
6.60691111431486
6.617268159270496
6.627625204858923
6.637982251059531
6.648339297852352
6.658696345218036
6.669053393137841
6.679410441593609
6.689767490567747
6.700124540043218
6.710481590003517
6.720838640432659
6.731195691315164
6.7415527426360375
6.751909794380761
6.762266846535274
6.772623899085965
6.782980952019652
6.793338005323572
6.8036950589853715
6.814052112993089
6.824409167335146
6.834766222000336
6.84512327697781
6.855480332257069
6.865837387827952
6.876194443680625
6.886551499805571
6.896908556193582
6.907265612835746
6.917622669723444
6.927979726848334
6.938336784202346
6.948693841777674
6.9590508995667655
6.969407957562317
6.979765015757263
6.990122074144769
7.000479132718226
7.010836191471244
7.021193250397641
7.03155030949144
7.0419073687468625
7.052264428158321
7.062621487720414
7.072978547427918
7.083335607275784
7.093692667259132
7.104049727373244
7.11440678761356
7.1247638479756725
7.135120908455322
7.145477969048393
7.155835029750907
7.16619209055902
7.176549151469019
7.186906212477314
7.19726327358044
7.207620334775045
7.217977396057895
7.228334457425864
7.238691518875932
7.249048580405184
7.259405642010802
7.269762703690066
7.28011976544035
7.290476827259116
7.300833889143915
7.311190951092382
7.321548013102232
7.331905075171261
7.34226213729734
7.352619199478413
7.3629762617124985
7.373333323997681
7.383690386332111
7.394047448714006
7.404404511141644
7.414761573613364
7.4251186361275625
7.435475698682692
7.445832761277261
7.456189823909828
7.466546886579003
7.4769039492834475
7.487261012021866
7.497618074793013
7.507975137595683
7.518332200428717
7.528689263290995
7.539046326181437
7.549403389099003
7.5597604520426875
7.570117515011523
7.580474578004576
7.590831641020947
7.6011887040597665
7.611545767120199
7.621902830201438
7.632259893302705
7.642616956423252
7.652974019562356
7.663331082719321
7.673688145893475
7.684045209084173
7.694402272290792
7.70475933551273
7.715116398749409
7.725473462000271
7.73583052526478
7.746187588542418
7.756544651832687
7.766901715135107
7.777258778449215
7.787615841774565
7.797972905110729
7.8083299684572935
7.81868703181386
7.829044095180045
7.83940115855548
7.849758221939811
7.860115285332694
7.8704723487338
7.880829412142813
7.891186475559426
7.901543538983346
7.91190060241429
7.922257665851986
7.932614729296172
7.9429717927465955
7.953328856203014
7.963685919665194
7.97404298313291
7.984400046605947
7.9947571100840955
8.005114173567156
8.015471237054935
8.02582830054725
8.03618536404392
8.046542427544775
8.056899491049649
8.067256554558384
8.077613618070828
8.087970681586834
8.098327745106259
8.10868480862897
8.119041872154835
8.12939893568373
8.139755999215533
8.150113062750128
8.160470126287406
8.170827189827257
8.18118425336958
8.191541316914273
8.201898380461245
8.2122554440104
8.222612507561655
8.232969571114921
8.24332663467012
8.253683698227174
8.264040761786006
8.274397825346547
8.284754888908726
8.295111952472476
8.305469016037733
8.315826079604438
8.32618314317253
8.336540206741953
8.346897270312652
8.357254333884576
8.367611397457676
8.377968461031902
8.388325524607207
8.398682588183549
8.409039651760883
8.419396715339172
8.429753778918373
8.44011084249845
8.450467906079366
8.460824969661086
8.471182033243577
8.48153909682681
8.49189616041075
8.50225322399537
8.51261028758064
8.522967351166535
8.533324414753027
8.543681478340092
8.554038541927707
8.564395605515847
8.574752669104491
8.585109732693619
8.595466796283208
8.605823859873242
